!    ibrav = 0, nat = 80, ntyp = 3
CELL_PARAMETERS bohr
    9.7629872000118123   -5.6366632880247005   17.7688758275843881
    0.0000000000000000   11.2733265760418426   17.7688758275843881
   -9.7629872000118123   -5.6366632880247005   17.7688758275843881
ATOMIC_SPECIES
  O   15.99900   O.pbe-n-kjpaw_psl.1.0.0.UPF
 Fe1   55.84500   Fe.pbe-spn-kjpaw_psl.1.0.0.UPF
 Fe2   55.84500   Fe.pbe-spn-kjpaw_psl.1.0.0.UPF
ATOMIC_POSITIONS crystal
  O   0.4737852634000000  0.2762147366000000  0.1250000000000000
  O   0.9737852633999999  0.2762147366000000  0.1250000000000000
  O   0.4737852634000000  0.7762147366000001  0.1250000000000000
  O   0.9737852633999999  0.7762147366000001  0.1250000000000000
  O   0.4737852634000000  0.2762147366000000  0.6250000000000000
  O   0.9737852633999999  0.2762147366000000  0.6250000000000000
  O   0.4737852634000000  0.7762147366000001  0.6250000000000000
  O   0.9737852633999999  0.7762147366000001  0.6250000000000000
  O   0.2237852563000000  0.3750000000000000  0.0262147437000000
  O   0.7237852563000000  0.3750000000000000  0.0262147437000000
  O   0.2237852563000000  0.8750000000000000  0.0262147437000000
  O   0.7237852563000000  0.8750000000000000  0.0262147437000000
  O   0.2237852563000000  0.3750000000000000  0.5262147437000000
  O   0.7237852563000000  0.3750000000000000  0.5262147437000000
  O   0.2237852563000000  0.8750000000000000  0.5262147437000000
  O   0.7237852563000000  0.8750000000000000  0.5262147437000000
  O   0.2762147366000000  0.1250000000000000  0.4737852634000000
  O   0.7762147366000001  0.1250000000000000  0.4737852634000000
  O   0.2762147366000000  0.6250000000000000  0.4737852634000000
  O   0.7762147366000001  0.6250000000000000  0.4737852634000000
  O   0.2762147366000000  0.1250000000000000  0.9737852633999999
  O   0.7762147366000001  0.1250000000000000  0.9737852633999999
  O   0.2762147366000000  0.6250000000000000  0.9737852633999999
  O   0.7762147366000001  0.6250000000000000  0.9737852633999999
  O   0.1250000000000000  0.4737852634000000  0.2762147366000000
  O   0.6250000000000000  0.4737852634000000  0.2762147366000000
  O   0.1250000000000000  0.9737852633999999  0.2762147366000000
  O   0.6250000000000000  0.9737852633999999  0.2762147366000000
  O   0.1250000000000000  0.4737852634000000  0.7762147366000001
  O   0.6250000000000000  0.4737852634000000  0.7762147366000001
  O   0.1250000000000000  0.9737852633999999  0.7762147366000001
  O   0.6250000000000000  0.9737852633999999  0.7762147366000001
  O   0.3750000000000000  0.0262147437000000  0.2237852563000000
  O   0.8750000000000000  0.0262147437000000  0.2237852563000000
  O   0.3750000000000000  0.5262147437000000  0.2237852563000000
  O   0.8750000000000000  0.5262147437000000  0.2237852563000000
  O   0.3750000000000000  0.0262147437000000  0.7237852563000000
  O   0.8750000000000000  0.0262147437000000  0.7237852563000000
  O   0.3750000000000000  0.5262147437000000  0.7237852563000000
  O   0.8750000000000000  0.5262147437000000  0.7237852563000000
  O   0.0262147437000000  0.2237852563000000  0.3750000000000000
  O   0.5262147437000000  0.2237852563000000  0.3750000000000000
  O   0.0262147437000000  0.7237852563000000  0.3750000000000000
  O   0.5262147437000000  0.7237852563000000  0.3750000000000000
  O   0.0262147437000000  0.2237852563000000  0.8750000000000000
  O   0.5262147437000000  0.2237852563000000  0.8750000000000000
  O   0.0262147437000000  0.7237852563000000  0.8750000000000000
  O   0.5262147437000000  0.7237852563000000  0.8750000000000000
 Fe1   0.0733074734000000  0.0733074734000000  0.0733074734000000
 Fe1   0.5733074734000000  0.0733074734000000  0.0733074734000000
 Fe1   0.0733074734000000  0.5733074734000000  0.0733074734000000
 Fe1   0.5733074734000000  0.5733074734000000  0.0733074734000000
 Fe1   0.0733074734000000  0.0733074734000000  0.5733074734000000
 Fe1   0.5733074734000000  0.0733074734000000  0.5733074734000000
 Fe1   0.0733074734000000  0.5733074734000000  0.5733074734000000
 Fe1   0.5733074734000000  0.5733074734000000  0.5733074734000000
 Fe1   0.1766925266000000  0.1766925266000000  0.1766925266000000
 Fe1   0.6766925266000000  0.1766925266000000  0.1766925266000000
 Fe1   0.1766925266000000  0.6766925266000000  0.1766925266000000
 Fe1   0.6766925266000000  0.6766925266000000  0.1766925266000000
 Fe1   0.1766925266000000  0.1766925266000000  0.6766925266000000
 Fe1   0.6766925266000000  0.1766925266000000  0.6766925266000000
 Fe1   0.1766925266000000  0.6766925266000000  0.6766925266000000
 Fe1   0.6766925266000000  0.6766925266000000  0.6766925266000000
 Fe2   0.3233074803500000  0.3233074803500000  0.3233074803500000
 Fe2   0.8233074803500000  0.3233074803500000  0.3233074803500000
 Fe2   0.3233074803500000  0.8233074803500000  0.3233074803500000
 Fe2   0.8233074803500000  0.8233074803500000  0.3233074803500000
 Fe2   0.3233074803500000  0.3233074803500000  0.8233074803500000
 Fe2   0.8233074803500000  0.3233074803500000  0.8233074803500000
 Fe2   0.3233074803500000  0.8233074803500000  0.8233074803500000
 Fe2   0.8233074803500000  0.8233074803500000  0.8233074803500000
 Fe2   0.4266925196500000  0.4266925196500000  0.4266925196500000
 Fe2   0.9266925196500000  0.4266925196500000  0.4266925196500000
 Fe2   0.4266925196500000  0.9266925196500000  0.4266925196500000
 Fe2   0.9266925196500000  0.9266925196500000  0.4266925196500000
 Fe2   0.4266925196500000  0.4266925196500000  0.9266925196500000
 Fe2   0.9266925196500000  0.4266925196500000  0.9266925196500000
 Fe2   0.4266925196500000  0.9266925196500000  0.9266925196500000
 Fe2   0.9266925196500000  0.9266925196500000  0.9266925196500000