!    ibrav = 0, nat = 80, ntyp = 3
CELL_PARAMETERS bohr
   23.5496092484122990    0.0752497470438065    0.1134374216384351
   20.8111493040499660   11.0238967517103230    0.1179961100440514
    4.9757678733327095    1.2534028935766734   21.0887266239709312
ATOMIC_SPECIES
 Al   26.98154   Al.pbe-n-kjpaw_psl.1.0.0.UPF
 Ga   69.72300   Ga.pbe-dn-kjpaw_psl.1.0.0.UPF
  O   15.99940   O.pbe-n-kjpaw_psl.1.0.0.UPF
ATOMIC_POSITIONS crystal
 Al   0.3287559585999999  0.3298520564000000  0.3448006839000000
 Al   0.3287559586000000  0.8298520564000001  0.3448006839000000
 Al   0.1698336441000000  0.1702446457500000  0.1612540530000000
 Al   0.1698336441000002  0.6702446457500000  0.1612540530000000
 Ga   0.0474912553000000  0.0442066092000000  0.1017957827000000
 Ga   0.0474912553000000  0.5442066092000000  0.1017957827000000
 Al   0.4537075418000001  0.4564902020000000  0.3980124859000000
 Al   0.4537075418000002  0.9564902020000000  0.3980124858999999
  O   0.2579911688000002  0.2410580881000000  0.3703731106000000
  O   0.2579911688000002  0.7410580880999998  0.3703731105999999
  O   0.2596288883000001  0.2422599313000000  0.1277246165000000
  O   0.2596288883000001  0.7422599313000000  0.1277246165000000
  O   0.0871460092000000  0.0867299815500000  0.2221543595000000
  O   0.0871460092000000  0.5867299815499999  0.2221543595000000
  O   0.4033372662000000  0.4205194863500000  0.2889379669000000
  O   0.4033372662000000  0.9205194863500000  0.2889379669000000
  O   0.4074199529000000  0.4241857239000000  0.0577348960000000
  O   0.4074199529000000  0.9241857239000000  0.0577348960000000
  O   0.0765486103000000  0.0796699915000000  0.4475511944000000
  O   0.0765486103000001  0.5796699915000000  0.4475511944000000
 Ga   0.3298673535000001  0.3280172015000001  0.8410094478999999
 Ga   0.3298673535000001  0.8280172015000001  0.8410094478999999
 Al   0.1724141981000000  0.1708221856500000  0.6568208713999999
 Al   0.1724141981000001  0.6708221856500001  0.6568208714000000
 Al   0.0428515829000000  0.0446401694432396  0.6030467745000000
 Al   0.0428515829000000  0.5454893944500000  0.6030467744999999
 Ga   0.4562145750000000  0.4532507144500001  0.8980623186999999
 Ga   0.4562145750000004  0.9532507144500000  0.8980623187000000
  O   0.2379963967000001  0.2555572182000000  0.8703869291999999
  O   0.2379963966999999  0.7555572182000001  0.8703869291999999
  O   0.2533287633000000  0.2526488824000000  0.6287629850999999
  O   0.2533287633000000  0.7526488823999999  0.6287629850999998
  O   0.0794324437000000  0.0965161614000000  0.7115938332000000
  O   0.0794324437000000  0.5965161614000000  0.7115938331999999
  O   0.4159508837000003  0.4128974301000001  0.7756810855999999
  O   0.4159508837000002  0.9128974301000000  0.7756810856000000
  O   0.4203147338000001  0.4212517074500001  0.5533582986000000
  O   0.4203147338000001  0.9212517074500000  0.5533582986000000
  O   0.0757432817000000  0.0911080698500000  0.9412153459000000
  O   0.0757432817000000  0.5911080698500001  0.9412153458999999
 Al   0.8281256437000001  0.3288883311000000  0.3441621442999999
 Al   0.8281256437000000  0.8288883311000000  0.3441621443000000
 Ga   0.6718396781000000  0.1684245347000000  0.1575382666000000
 Ga   0.6718396781000000  0.6684245347000000  0.1575382666000000
 Al   0.5450508973000001  0.0457533079000000  0.1029954324000000
 Al   0.5450508973000000  0.5457533079000001  0.1029954324000000
 Ga   0.9564318347000000  0.4556900963000001  0.3977723678999999
 Ga   0.9564318347000000  0.9556900963000002  0.3977723679000000
  O   0.7393769908999999  0.2581140461000000  0.3698659817000000
  O   0.7393769909000001  0.7581140461000000  0.3698659817000000
  O   0.7453371172000000  0.2596545850999999  0.1288872170000000
  O   0.7453371172000002  0.7596545850999999  0.1288872170000000
  O   0.5848199988000001  0.0851345830500000  0.2193448028000000
  O   0.5848199987999999  0.5851345830500000  0.2193448028000000
  O   0.9190364581999999  0.4040192131000001  0.2835153768000000
  O   0.9190364582000001  0.9040192131000001  0.2835153768000000
  O   0.9288615623000001  0.4094270207000000  0.0530310035000000
  O   0.9288615623000002  0.9094270206999999  0.0530310035000000
  O   0.5811907566999998  0.0795391703000000  0.4465012302999999
  O   0.5811907567000000  0.5795391703000000  0.4465012303000000
 Al   0.8292612211000002  0.3303202904499999  0.8378417412999999
 Al   0.8292612211000002  0.8303202904500000  0.8378417413000000
 Al   0.6707507715000001  0.1724688445000000  0.6569905932999999
 Al   0.6707507715000001  0.6724688445000000  0.6569905932999999
 Al   0.5452512612000000  0.0438957064500000  0.6015341370999999
 Al   0.5452512612000000  0.5438957064500001  0.6015341371000000
 Al   0.9528589203999998  0.4539514190500000  0.8975642644000000
 Al   0.9528589204000000  0.9539514190499999  0.8975642643999999
  O   0.7583304299000000  0.2387878088000000  0.8722141544999998
  O   0.7583304299000000  0.7387878087999999  0.8722141544999999
  O   0.7514590672000000  0.2533190185500000  0.6284967799000000
  O   0.7514590672000000  0.7533190185500001  0.6284967799000000
  O   0.5949143479000002  0.0792789870000000  0.7130913326999999
  O   0.5949143479000001  0.5792789870000000  0.7130913327000000
  O   0.9103186133999999  0.4162979839500001  0.7828337737999999
  O   0.9103186133999999  0.9162979839500002  0.7828337737999999
  O   0.9202909833000003  0.4206254833000000  0.5585822955999999
  O   0.9202909833000005  0.9206254833000000  0.5585822955999998
  O   0.5886640993000000  0.0716961886500000  0.9468550908000000
  O   0.5886640993000001  0.5716961886500000  0.9468550907999999