-2.364248690114180818e+00 0.000000000000000000e+00
-2.224546287068760009e+00 0.000000000000000000e+00
-2.084843884023339200e+00 0.000000000000000000e+00
-1.945141480977918391e+00 0.000000000000000000e+00
-1.805439077932497582e+00 0.000000000000000000e+00
-1.665736674887076774e+00 0.000000000000000000e+00
-1.526034271841655965e+00 0.000000000000000000e+00
-1.386331868796235156e+00 0.000000000000000000e+00
-1.246629465750814347e+00 0.000000000000000000e+00
-1.106927062705393539e+00 0.000000000000000000e+00
-9.672246596599727297e-01 0.000000000000000000e+00
-8.275222566145519210e-01 0.000000000000000000e+00
-6.878198535691311122e-01 0.000000000000000000e+00
-5.481174505237103034e-01 0.000000000000000000e+00
-4.084150474782894946e-01 0.000000000000000000e+00
-2.687126444328686858e-01 0.000000000000000000e+00
-1.290102413874478771e-01 0.000000000000000000e+00
1.069216165797293172e-02 5.198337945966508000e-01
1.503945647033937405e-01 7.104243844892674797e-01
2.900969677488145493e-01 8.280778786894278376e-01
4.297993707942353581e-01 8.618867280897877237e-01
5.695017738396561668e-01 9.498854389337323401e-01
7.092041768850769756e-01 8.933893193096431595e-01
8.489065799304977844e-01 8.538013068383016879e-01
9.886089829759185932e-01 8.596714556424609466e-01
1.128311386021339402e+00 8.755479169935146411e-01
1.268013789066760211e+00 1.203741814097417873e+00
1.407716192112181020e+00 1.238765906122756499e+00
1.547418595157601828e+00 1.318088579731894860e+00
1.687120998203022637e+00 1.448777892338395823e+00
1.826823401248443446e+00 1.674969210560284250e+00
1.966525804293864255e+00 1.675684124671019015e+00
2.106228207339285063e+00 1.939832765181830343e+00
2.245930610384705872e+00 2.510553521317754999e+00
2.385633013430126681e+00 2.104819319582570181e+00
2.525335416475547490e+00 1.499974875628306226e+00
2.665037819520968299e+00 1.298035605121648395e+00
2.804740222566389107e+00 1.369305053063659905e+00
2.944442625611809916e+00 1.395231070751881131e+00
3.084145028657230725e+00 2.651702441311628355e+00
3.223847431702651534e+00 2.333070926591132910e+00
3.363549834748072342e+00 2.638200972218785800e+00
3.503252237793493151e+00 3.828491231424904662e+00
3.642954640838913960e+00 2.658535233116637642e+00
3.782657043884334769e+00 1.690594562968121162e+00
3.922359446929755578e+00 2.225690603539570489e+00
4.062061849975176386e+00 2.913657223478273828e+00
4.201764253020597195e+00 2.817096623896845120e+00
4.341466656066018004e+00 1.872912486483263139e+00
4.481169059111438813e+00 1.822692639297278872e+00
4.620871462156859621e+00 1.988852054321649243e+00
4.760573865202280430e+00 2.863644002434866831e+00
4.900276268247701239e+00 6.581146289977636288e-01
5.039978671293122048e+00 6.926427482206334307e-01
5.179681074338542857e+00 7.511805838172054273e-01
5.319383477383963665e+00 8.267737521415687851e-01
5.459085880429384474e+00 9.754868435709790342e-01
5.598788283474805283e+00 1.274820374549600066e+00
5.738490686520226092e+00 1.163889462888275661e+00
5.878193089565646900e+00 1.087147487443284044e+00
6.017895492611067709e+00 1.149376547715685426e+00
6.157597895656488518e+00 1.503009099246408242e+00
6.297300298701909327e+00 1.021168496468034537e+00
6.437002701747330136e+00 0.000000000000000000e+00
6.576705104792750944e+00 4.707584986600517052e-01
6.716407507838171753e+00 2.055845454036034692e+00
6.856109910883592562e+00 3.837057080962158029e+00
6.995812313929013371e+00 3.885009983688609836e+00
7.135514716974434180e+00 4.564986460533764223e+00
7.275217120019854988e+00 0.000000000000000000e+00
7.414919523065275797e+00 0.000000000000000000e+00
7.554621926110696606e+00 1.167322995548328857e+00
7.694324329156117415e+00 1.353791980040318199e+00
7.834026732201538223e+00 1.986643292578122111e+00
7.973729135246959032e+00 1.870939007189202918e+00
8.113431538292379841e+00 1.430016340216096804e+00
8.253133941337800650e+00 1.175503031133778853e+00
8.392836344383221459e+00 1.034450790245132312e+00
8.532538747428642267e+00 2.279515959292044869e+00
8.672241150474063076e+00 1.011378202088321743e+00
8.811943553519483885e+00 3.738907560856260304e+00
8.951645956564904694e+00 1.023727675505223367e+00
9.091348359610325502e+00 1.330816775502689397e+00
9.231050762655746311e+00 8.986470962143680019e-01
9.370753165701167120e+00 7.377967067890530695e-01
9.510455568746587929e+00 6.861219480578595320e-01
9.650157971792008738e+00 1.082182181506664342e+00
9.789860374837429546e+00 1.236701678300502927e+00
9.929562777882850355e+00 1.463538185057781771e+00
1.006926518092827116e+01 1.911832554438963605e+00
1.020896758397369197e+01 5.867602765963543021e+00
1.034866998701911278e+01 1.166852028474954572e+01
1.048837239006453359e+01 1.103959285432907445e+00
1.062807479310995440e+01 9.092034129033383927e-01
1.076777719615537521e+01 1.021531279270434966e+00
1.090747959920079602e+01 2.578239267051153139e+00
1.104718200224621683e+01 1.016293757051994362e+01
1.118688440529163763e+01 0.000000000000000000e+00
1.132658680833705844e+01 0.000000000000000000e+00
1.146628921138247925e+01 0.000000000000000000e+00
1.160599161442790006e+01 0.000000000000000000e+00
1.174569401747332087e+01 0.000000000000000000e+00
1.188539642051874168e+01 3.106713860164228791e+00
1.202509882356416249e+01 6.889177041122912293e+00
1.216480122660958330e+01 4.282140957797153646e+00
1.230450362965500410e+01 0.000000000000000000e+00
1.244420603270042491e+01 0.000000000000000000e+00
1.258390843574584572e+01 0.000000000000000000e+00
1.272361083879126653e+01 4.223270723070505994e+00
1.286331324183668734e+01 5.999908691969430663e+00
1.300301564488210815e+01 0.000000000000000000e+00
1.314271804792752896e+01 0.000000000000000000e+00
1.328242045097294977e+01 0.000000000000000000e+00
1.342212285401837057e+01 0.000000000000000000e+00
1.356182525706379138e+01 0.000000000000000000e+00
1.370152766010921397e+01 0.000000000000000000e+00
1.384123006315463300e+01 0.000000000000000000e+00
1.398093246620005203e+01 0.000000000000000000e+00
1.412063486924547462e+01 0.000000000000000000e+00
1.426033727229089720e+01 0.000000000000000000e+00
1.440003967533631624e+01 0.000000000000000000e+00
1.453974207838173527e+01 0.000000000000000000e+00
1.467944448142715785e+01 0.000000000000000000e+00
1.481914688447258044e+01 6.233782643678257074e+00
1.495884928751799947e+01 2.656424507655593903e+00
1.509855169056341850e+01 3.045029883983863428e+00
1.523825409360884109e+01 1.784175973739023924e+00
1.537795649665426367e+01 0.000000000000000000e+00
1.551765889969968271e+01 0.000000000000000000e+00
1.565736130274510174e+01 0.000000000000000000e+00
1.579706370579052432e+01 0.000000000000000000e+00
1.593676610883594691e+01 0.000000000000000000e+00
1.607646851188136594e+01 0.000000000000000000e+00
1.621617091492678497e+01 0.000000000000000000e+00
1.635587331797220756e+01 0.000000000000000000e+00
1.649557572101763014e+01 0.000000000000000000e+00
1.663527812406304918e+01 1.265250943903498460e+00
1.677498052710846821e+01 9.789637359312328702e-01
1.691468293015389079e+01 8.966925177321302121e-01
1.705438533319931338e+01 8.993436908056838819e-01
1.719408773624473241e+01 9.182708572949324077e-01
1.733379013929015144e+01 1.025842376741132433e+00
1.747349254233557403e+01 1.236993981050810376e+00
1.761319494538099661e+01 1.607232368933639410e+00
1.775289734842641565e+01 3.619770379150783146e+00
1.789259975147183468e+01 0.000000000000000000e+00
1.803230215451725726e+01 0.000000000000000000e+00
1.817200455756267985e+01 0.000000000000000000e+00
1.831170696060809888e+01 0.000000000000000000e+00
1.845140936365351791e+01 0.000000000000000000e+00
1.859111176669894050e+01 0.000000000000000000e+00
1.873081416974436308e+01 0.000000000000000000e+00
1.887051657278978212e+01 0.000000000000000000e+00
1.901021897583520115e+01 0.000000000000000000e+00
1.914992137888062373e+01 0.000000000000000000e+00
1.928962378192604632e+01 0.000000000000000000e+00
1.942932618497146535e+01 0.000000000000000000e+00
1.956902858801688438e+01 0.000000000000000000e+00
1.970873099106230697e+01 0.000000000000000000e+00
1.984843339410772955e+01 0.000000000000000000e+00
1.998813579715314859e+01 0.000000000000000000e+00
2.012783820019856762e+01 0.000000000000000000e+00
2.026754060324399020e+01 0.000000000000000000e+00
2.040724300628941279e+01 0.000000000000000000e+00
2.054694540933483182e+01 0.000000000000000000e+00
2.068664781238025085e+01 0.000000000000000000e+00
2.082635021542567344e+01 0.000000000000000000e+00
2.096605261847109603e+01 0.000000000000000000e+00
2.110575502151651506e+01 0.000000000000000000e+00
2.124545742456193409e+01 0.000000000000000000e+00
2.138515982760735668e+01 0.000000000000000000e+00
2.152486223065277926e+01 0.000000000000000000e+00
2.166456463369819829e+01 0.000000000000000000e+00
2.180426703674361733e+01 0.000000000000000000e+00
2.194396943978903991e+01 0.000000000000000000e+00
2.208367184283446250e+01 0.000000000000000000e+00
2.222337424587988153e+01 0.000000000000000000e+00
2.236307664892530056e+01 0.000000000000000000e+00
2.250277905197072315e+01 1.067603984572025988e+00
2.264248145501614573e+01 1.337777089148419973e+00
2.278218385806156476e+01 1.816640802546250599e+00
2.292188626110698380e+01 3.570925475838997443e+00
2.306158866415240638e+01 2.824921793657100721e+00
2.320129106719782897e+01 6.825180293994913328e+00
2.334099347024324800e+01 0.000000000000000000e+00
2.348069587328866703e+01 0.000000000000000000e+00
2.362039827633408962e+01 0.000000000000000000e+00
2.376010067937951220e+01 0.000000000000000000e+00
2.389980308242493123e+01 0.000000000000000000e+00
2.403950548547035027e+01 0.000000000000000000e+00
2.417920788851577285e+01 0.000000000000000000e+00
2.431891029156119544e+01 0.000000000000000000e+00
2.445861269460661447e+01 0.000000000000000000e+00
2.459831509765203350e+01 0.000000000000000000e+00
2.473801750069745609e+01 0.000000000000000000e+00
2.487771990374287867e+01 0.000000000000000000e+00
2.501742230678829770e+01 0.000000000000000000e+00
2.515712470983371674e+01 0.000000000000000000e+00
2.529682711287913932e+01 0.000000000000000000e+00
2.543652951592456191e+01 0.000000000000000000e+00
2.557623191896998094e+01 0.000000000000000000e+00
