80   
6    

1    
  0.0092789469068412  -0.0053572024944620   0.0168879106384820
  -0.0010547705    0.0021984104   -0.0029414796
   0.0000167895   -0.0000314696    0.0000722004
  -0.0000205205    0.0000232604    0.0000373604
   0.0000418695   -0.0000630596   -0.0000350396
  -0.0000772305   -0.0000317996    0.0001002104
   0.0000455395    0.0000168604   -0.0000281696
  -0.0000120405   -0.0000057896   -0.0000138296
  -0.0000125605   -0.0000257896    0.0000272604
   0.0001621695   -0.0002854196    0.0004556404
   0.0004181395    0.0001820604    0.0004744204
   0.0000151695   -0.0000214996   -0.0000160696
  -0.0000411905    0.0000826504    0.0000397304
   0.0000087495    0.0000035804   -0.0000130696
  -0.0000120905   -0.0000121596    0.0000020604
   0.0000091795    0.0000005304   -0.0000094896
  -0.0000200605   -0.0000321996   -0.0000039796
   0.0000995795    0.0000816204   -0.0000524096
  -0.0000135705    0.0000064304    0.0000600604
  -0.0000173105    0.0000349704    0.0000458804
  -0.0000062005   -0.0000424896   -0.0000293996
   0.0000080295    0.0000208304    0.0000590104
   0.0005184195   -0.0002881496   -0.0002545796
   0.0000392995   -0.0002114796   -0.0001125496
   0.0000041595    0.0000446004    0.0000625904
   0.0001776095   -0.0001269796   -0.0000516696
   0.0000083095   -0.0000001496    0.0000482404
   0.0000482395   -0.0000125596    0.0000735104
  -0.0001002105   -0.0003525196   -0.0002229896
   0.0000542295   -0.0000351796    0.0000667104
  -0.0000594705    0.0000778004   -0.0001172396
   0.0000356295   -0.0000123796   -0.0000045896
  -0.0000103105    0.0000006004    0.0000455304
   0.0001617995    0.0002665004    0.0002895604
   0.0001469695   -0.0002277996    0.0001265604
  -0.0001141105    0.0001378804    0.0000968304
   0.0000338195   -0.0000150196    0.0000221404
  -0.0000288505   -0.0000103696   -0.0000110496
   0.0000019295    0.0000174604   -0.0000258596
  -0.0000310605   -0.0000680496    0.0000791504
   0.0000377795    0.0000309504   -0.0000022396
   0.0000411595    0.0000029204    0.0000066204
  -0.0004382105   -0.0002036996    0.0004792404
   0.0000116595   -0.0000429996   -0.0000046696
  -0.0000144505    0.0000097504   -0.0000129596
   0.0000440995   -0.0000151396    0.0000025904
  -0.0003541405    0.0000015304    0.0003476004
   0.0000037295   -0.0000482196   -0.0000010696
   0.0000016295    0.0000324004   -0.0000123096
  -0.0001298405    0.0000095404   -0.0000989796
   0.0002086995   -0.0001646496    0.0003298104
  -0.0001124305    0.0001708704    0.0000223104
   0.0000476195   -0.0001488896   -0.0001255396
  -0.0000413805   -0.0000120696    0.0000127504
   0.0000828095    0.0001255404   -0.0000941396
  -0.0000037205    0.0000134004   -0.0000249696
   0.0000551495    0.0000242504    0.0000323804
  -0.0001317005   -0.0000347096   -0.0001880996
   0.0002887495   -0.0002199696    0.0005583604
  -0.0000186105    0.0000063504    0.0001127004
  -0.0000170005   -0.0000216296   -0.0000478696
  -0.0000250305    0.0000007304    0.0000305604
   0.0001217395   -0.0000160996   -0.0000726496
  -0.0000069605    0.0000527104   -0.0000485796
   0.0000122895    0.0000036404    0.0000399604
   0.0002208095   -0.0001167296    0.0002233804
  -0.0000119205    0.0000132904   -0.0000662396
  -0.0000372005   -0.0000630196   -0.0000759496
  -0.0000016005    0.0001073504    0.0000356904
   0.0000672195    0.0000384704   -0.0001829496
  -0.0001738205   -0.0001056496    0.0000604204
   0.0000360995    0.0000548004    0.0000550304
   0.0000072395   -0.0000096596   -0.0000402696
   0.0000890195   -0.0000603796   -0.0001182296
  -0.0000682905   -0.0000050396    0.0000047904
   0.0000618895   -0.0000845596    0.0001013604
   0.0000167995    0.0000595704   -0.0000777596
  -0.0001291405   -0.0007526296    0.0005515804
  -0.0001347905    0.0000036304   -0.0001242196
   0.0000135195   -0.0000174596   -0.0000322996
  -0.0000435405    0.0000977704    0.0001036604

1    
 -0.0092789469068412   0.0053572024944620  -0.0168879106384820
   0.0009900805   -0.0021541795    0.0028918102
  -0.0000165295    0.0000303705   -0.0000719698
   0.0000209905   -0.0000240395   -0.0000374798
  -0.0000414695    0.0000621505    0.0000350402
   0.0000774905    0.0000310405   -0.0000999998
  -0.0000447595   -0.0000175995    0.0000281502
   0.0000124205    0.0000049705    0.0000138602
   0.0000129305    0.0000248305   -0.0000272498
  -0.0001633095    0.0002910005   -0.0004626897
  -0.0004092695   -0.0001787795   -0.0004654598
  -0.0000142895    0.0000212405    0.0000158502
   0.0000412505   -0.0000812195   -0.0000392898
  -0.0000069995   -0.0000034295    0.0000116702
   0.0000129205    0.0000122705   -0.0000018198
  -0.0000084695   -0.0000004995    0.0000096102
   0.0000209605    0.0000321005    0.0000037502
  -0.0000983895   -0.0000802895    0.0000533702
   0.0000126905   -0.0000063795   -0.0000600798
   0.0000162105   -0.0000350095   -0.0000460198
   0.0000052905    0.0000424405    0.0000293502
  -0.0000087695   -0.0000209195   -0.0000590798
  -0.0005155295    0.0002862805    0.0002507002
  -0.0000399195    0.0002098205    0.0001130302
  -0.0000051795   -0.0000439895   -0.0000619998
  -0.0001771895    0.0001273105    0.0000529102
  -0.0000079495    0.0000010205   -0.0000481398
  -0.0000477295    0.0000132505   -0.0000733998
   0.0000991005    0.0003543605    0.0002197202
  -0.0000529195    0.0000361905   -0.0000667398
   0.0000585005   -0.0000779395    0.0001169702
  -0.0000350095    0.0000132605    0.0000046102
   0.0000107105    0.0000000305   -0.0000453898
  -0.0001631795   -0.0002706895   -0.0002918598
  -0.0001463695    0.0002257605   -0.0001255897
   0.0001128805   -0.0001386495   -0.0000984998
  -0.0000341895    0.0000143105   -0.0000218798
   0.0000283305    0.0000096905    0.0000108202
  -0.0000022995   -0.0000182795    0.0000259002
   0.0000304405    0.0000672805   -0.0000790298
  -0.0000376295   -0.0000313295    0.0000020702
  -0.0000417495   -0.0000022095   -0.0000063798
   0.0004317505    0.0002024905   -0.0004746398
  -0.0000120095    0.0000434805    0.0000044702
   0.0000140105   -0.0000092495    0.0000130502
  -0.0000440795    0.0000157205   -0.0000029898
   0.0003547205   -0.0000017295   -0.0003465598
  -0.0000042795    0.0000490105    0.0000011802
  -0.0000021195   -0.0000315495    0.0000121602
   0.0001290505   -0.0000093895    0.0000962902
  -0.0002048195    0.0001606605   -0.0003320498
   0.0001125705   -0.0001715195   -0.0000257098
  -0.0000460395    0.0001476505    0.0001229703
   0.0000411005    0.0000122205   -0.0000155598
  -0.0000824195   -0.0001248795    0.0000913102
   0.0000032305   -0.0000129795    0.0000227202
  -0.0000550795   -0.0000241495   -0.0000347298
   0.0001316805    0.0000353805    0.0001906102
  -0.0002599995    0.0001630605   -0.0005003498
   0.0000183905   -0.0000055895   -0.0001096398
   0.0000165705    0.0000210005    0.0000497102
   0.0000242705   -0.0000010095   -0.0000278398
  -0.0001210595    0.0000161405    0.0000747802
   0.0000068705   -0.0000526495    0.0000506902
  -0.0000122795   -0.0000036995   -0.0000371198
  -0.0002092295    0.0001142005   -0.0002266697
   0.0000121805   -0.0000132295    0.0000629302
   0.0000371905    0.0000631005    0.0000729302
   0.0000017605   -0.0001073095   -0.0000378698
  -0.0000681095   -0.0000379895    0.0001799703
   0.0001735205    0.0001056505   -0.0000617898
  -0.0000357895   -0.0000546795   -0.0000575898
  -0.0000069295    0.0000092505    0.0000367102
  -0.0000884095    0.0000597405    0.0001213302
   0.0000679905    0.0000049405   -0.0000019298
  -0.0000620195    0.0000834305   -0.0000989998
  -0.0000164995   -0.0000591295    0.0000802802
   0.0001465105    0.0007718305   -0.0005522397
   0.0001334205   -0.0000036995    0.0001261702
  -0.0000136195    0.0000174105    0.0000350902
   0.0000439005   -0.0000974895   -0.0001002298

1    
 -0.0092789469068412  -0.0053572024944620   0.0168879106384820
   0.0035548699    0.0020095802   -0.0043402297
   0.0000261299   -0.0000183398    0.0000526403
  -0.0000025701    0.0000311502    0.0000529403
   0.0000522499    0.0000300202   -0.0000571997
  -0.0001327901   -0.0000767198    0.0002012703
  -0.0000570801    0.0000224002   -0.0000197997
  -0.0000086201   -0.0000610998   -0.0000199297
  -0.0000329701   -0.0000195598    0.0000544803
   0.0002623999   -0.0002197798    0.0003681502
   0.0002592299    0.0001004502    0.0001643902
   0.0000163399    0.0000096402   -0.0000116697
  -0.0000849101    0.0001654202    0.0000891503
  -0.0001696801    0.0000091002    0.0001878302
  -0.0000674101   -0.0000138398    0.0000036403
   0.0000061899   -0.0000379198   -0.0000393797
  -0.0000156201   -0.0000663898   -0.0000215697
  -0.0003029101   -0.0002617698   -0.0001643498
  -0.0000122801   -0.0000090198    0.0000942703
  -0.0000362901    0.0000538702    0.0001050303
  -0.0000686401   -0.0000374298   -0.0000306997
   0.0000171799    0.0000387702    0.0000748203
  -0.0002493601    0.0002373902   -0.0002230898
   0.0001565099   -0.0002542098   -0.0001677897
   0.0000219199    0.0000385502    0.0000641102
  -0.0001397601    0.0002629502   -0.0001688098
   0.0000428899   -0.0000036898    0.0000750103
   0.0000448499    0.0000003202    0.0000641602
   0.0000825999   -0.0003290898   -0.0002255498
   0.0000285799   -0.0000572498    0.0001046403
  -0.0003762201   -0.0001306198   -0.0001622997
  -0.0000668201   -0.0000401398   -0.0000307197
  -0.0000136801   -0.0000062098    0.0000944202
   0.0002165999    0.0001741102    0.0001670903
   0.0000994499   -0.0001564098    0.0000889103
  -0.0000596201    0.0003400802    0.0003708803
   0.0000160899    0.0000088002   -0.0000115797
  -0.0000468201   -0.0000522198    0.0000031803
  -0.0000658201    0.0000182602   -0.0000210497
  -0.0000776301   -0.0001525498    0.0001879803
  -0.0000301401    0.0000232902   -0.0000392897
   0.0000343699    0.0000136802   -0.0000317797
  -0.0003865201   -0.0004764998    0.0008478802
  -0.0000060001    0.0000069802    0.0000077303
  -0.0000189601   -0.0000190398   -0.0000040497
  -0.0000266201   -0.0000060398   -0.0000041997
  -0.0005968701   -0.0000953798    0.0008346802
   0.0000024599   -0.0000078098    0.0000080403
   0.0000284699    0.0000234702   -0.0000318897
  -0.0000884601   -0.0000043098   -0.0000818897
  -0.0001655801   -0.0001029698    0.0004384902
  -0.0001843001    0.0000451602    0.0001017003
  -0.0001167601   -0.0001017198   -0.0001203297
   0.0000983899    0.0000036802    0.0001080302
   0.0001115099    0.0002357502   -0.0001675297
   0.0000976499   -0.0000678298   -0.0000943497
   0.0001356999    0.0000983702    0.0000038803
  -0.0001467401   -0.0000490098   -0.0001185697
  -0.0001564601   -0.0001172298    0.0004638002
  -0.0000528301   -0.0001823798    0.0001047103
  -0.0000478901   -0.0000750298   -0.0000796497
   0.0001537399    0.0000681602    0.0000063903
   0.0002582199   -0.0000211898   -0.0001648798
  -0.0000101901    0.0001185202   -0.0000918997
   0.0000523099    0.0000833602    0.0001107002
  -0.0014093501    0.0000405502    0.0007535903
  -0.0000113901    0.0000189602   -0.0000600797
  -0.0000350901   -0.0000648798   -0.0000805297
  -0.0000023301    0.0000588802    0.0000377703
  -0.0000009601    0.0000923102   -0.0003013198
   0.0000860899   -0.0000786098    0.0001703602
   0.0000469899    0.0001032702    0.0000846703
   0.0000356699   -0.0000080298   -0.0000741997
   0.0000800099   -0.0000482398   -0.0002991798
   0.0001129799   -0.0000109798    0.0000874103
  -0.0000272101    0.0001130102    0.0001733402
   0.0000103699    0.0000347302   -0.0000708197
  -0.0006297301   -0.0011421697    0.0007138902
  -0.0000729701    0.0000022202   -0.0000767497
   0.0000111199   -0.0000190598   -0.0000570297
   0.0000507299   -0.0000325598    0.0000398703

1    
  0.0092789469068412   0.0053572024944620  -0.0168879106384820
  -0.0035177300   -0.0020738204    0.0043402104
  -0.0000257100    0.0000177696   -0.0000529396
   0.0000028100   -0.0000318004   -0.0000526296
  -0.0000521200   -0.0000302104    0.0000572204
   0.0001328700    0.0000766396   -0.0002012296
   0.0000572300   -0.0000231004    0.0000199304
   0.0000091600    0.0000606296    0.0000197604
   0.0000334000    0.0000187596   -0.0000544496
  -0.0002647200    0.0002217096   -0.0003708796
  -0.0002591300   -0.0001005604   -0.0001670796
  -0.0000157100   -0.0000095704    0.0000115604
   0.0000856600   -0.0001643204   -0.0000889096
   0.0001708400   -0.0000091004   -0.0001880096
   0.0000686000    0.0000143996   -0.0000031896
  -0.0000051200    0.0000377696    0.0000393204
   0.0000170500    0.0000661096    0.0000210204
   0.0003012400    0.0002604596    0.0001622804
   0.0000122300    0.0000088296   -0.0000943196
   0.0000353400   -0.0000534204   -0.0001046696
   0.0000681200    0.0000377896    0.0000306904
  -0.0000182300   -0.0000389304   -0.0000749696
   0.0002436700   -0.0002360304    0.0002255704
  -0.0001577600    0.0002524596    0.0001687804
  -0.0000226900   -0.0000387104   -0.0000641796
   0.0001418200   -0.0002626704    0.0001677704
  -0.0000421400    0.0000045196   -0.0000748196
  -0.0000443500    0.0000002596   -0.0000641196
  -0.0000809200    0.0003346496    0.0002230504
  -0.0000285200    0.0000583796   -0.0001050496
   0.0003781400    0.0001314296    0.0001643604
   0.0000667400    0.0000407296    0.0000306604
   0.0000139900    0.0000060896   -0.0000942196
  -0.0002165400   -0.0001742404   -0.0001643296
  -0.0001007700    0.0001563196   -0.0000891696
   0.0000591500   -0.0003371004   -0.0003681196
  -0.0000164900   -0.0000093104    0.0000116304
   0.0000457200    0.0000515396   -0.0000036696
   0.0000653100   -0.0000196304    0.0000215604
   0.0000770300    0.0001515196   -0.0001877996
   0.0000297100   -0.0000242404    0.0000393604
  -0.0000345600   -0.0000129904    0.0000319104
   0.0003811000    0.0004691896   -0.0008346996
   0.0000055800   -0.0000060504   -0.0000080296
   0.0000185500    0.0000199896    0.0000041904
   0.0000260100    0.0000068596    0.0000040504
   0.0006059700    0.0000964396   -0.0008478296
  -0.0000030600    0.0000086396   -0.0000077396
  -0.0000290100   -0.0000229804    0.0000317704
   0.0000889400    0.0000041796    0.0000796804
   0.0001797700    0.0000768896   -0.0004637996
   0.0001845100   -0.0000452404   -0.0001048196
   0.0001158700    0.0001024896    0.0001186604
  -0.0000984300   -0.0000036604   -0.0001106796
  -0.0001108800   -0.0002341404    0.0001649404
  -0.0000976200    0.0000678696    0.0000920104
  -0.0001359500   -0.0000990904   -0.0000064596
   0.0001464700    0.0000503096    0.0001203604
   0.0001719900    0.0000918996   -0.0004385196
   0.0000530400    0.0001822896   -0.0001017296
   0.0000478900    0.0000744096    0.0000819504
  -0.0001531500   -0.0000684204   -0.0000038996
  -0.0002598400    0.0000213696    0.0001676004
   0.0000099800   -0.0001186004    0.0000944904
  -0.0000524600   -0.0000833704   -0.0001081896
   0.0013041300   -0.0000259204   -0.0007138096
   0.0000108800   -0.0000191304    0.0000570204
   0.0000346600    0.0000642296    0.0000769204
   0.0000027600   -0.0000599604   -0.0000400396
   0.0000018500   -0.0000934704    0.0002993304
  -0.0000843500    0.0000799996   -0.0001733896
  -0.0000469000   -0.0001032804   -0.0000874796
  -0.0000353600    0.0000084296    0.0000709704
  -0.0000793300    0.0000469496    0.0003014504
  -0.0001131100    0.0000109796   -0.0000849496
   0.0000251100   -0.0001139504   -0.0001704596
  -0.0000109800   -0.0000346904    0.0000742304
   0.0006696200    0.0012407796   -0.0007536896
   0.0000736400   -0.0000021504    0.0000805304
  -0.0000106800    0.0000193496    0.0000600104
  -0.0000498300    0.0000315596   -0.0000378496

49   
  0.0092789469068412  -0.0053572024944620   0.0168879106384820
  -0.0000394600    0.0000916000   -0.0001208300
   0.0001007400   -0.0000347300    0.0004286800
  -0.0000726600    0.0001760400    0.0000036900
   0.0000906300   -0.0001156800   -0.0001379500
  -0.0001523900   -0.0000402600    0.0000661300
   0.0000848500    0.0000517800   -0.0001176100
  -0.0000102900    0.0000078800   -0.0000216800
   0.0000071000   -0.0000240600    0.0000448300
   0.0000017100   -0.0001831800   -0.0002161300
  -0.0000433600    0.0002313500    0.0000964300
   0.0002796800   -0.0002548300    0.0001420800
  -0.0000276800   -0.0000110100   -0.0000636100
   0.0000539300    0.0000525300    0.0000461000
   0.0000091000   -0.0000148600   -0.0000411800
   0.0000441100    0.0000225800   -0.0000918200
  -0.0001472500   -0.0000674600    0.0000615300
   0.0000365100   -0.0000126500   -0.0000757700
  -0.0000308800    0.0000169700    0.0001209000
   0.0000340900    0.0000910600    0.0000541500
  -0.0000502300   -0.0000983500   -0.0000741800
   0.0004991700   -0.0000928900    0.0004815800
  -0.0000299100    0.0000521200   -0.0002171400
   0.0000098900   -0.0000106700   -0.0000117400
  -0.0000310100    0.0000378900    0.0000441200
   0.0000020400    0.0000027000   -0.0000314600
   0.0000215400   -0.0000013300    0.0000417100
   0.0001172200   -0.0002594900    0.0004363300
  -0.0001512100    0.0000435100   -0.0002053100
   0.0000648800   -0.0001297300    0.0001140400
  -0.0000573200    0.0000718300   -0.0000715500
   0.0000751300   -0.0000398700   -0.0000778000
  -0.0001305300    0.0000263400   -0.0000210800
  -0.0000895900    0.0001375600   -0.0002376000
   0.0011531600    0.0000600200    0.0008053000
   0.0000075900    0.0000192800    0.0000298100
  -0.0000048900   -0.0000171400   -0.0000419000
  -0.0000360700   -0.0000816800    0.0001452000
   0.0000030400    0.0000255900   -0.0000521800
  -0.0000459100   -0.0000452000   -0.0000787700
   0.0000159300    0.0000867200    0.0000399400
   0.0001731300   -0.0000109200   -0.0001508000
  -0.0001676600    0.0000333400    0.0000700500
   0.0000351100   -0.0001538900    0.0000922900
  -0.0000102600    0.0000414000   -0.0000704100
  -0.0000261100   -0.0006036800    0.0005382400
  -0.0000734000    0.0000479300   -0.0001447500
   0.0000232200   -0.0000234600   -0.0000411500
  -0.0000269700    0.0000455000    0.0000764200
  -0.0027470600    0.0016006500   -0.0042955500
   0.0001276100   -0.0000633700    0.0002546800
  -0.0000818300    0.0001370300    0.0001182500
   0.0000835200   -0.0001505800   -0.0001398600
  -0.0000757700   -0.0000562700    0.0001555400
   0.0001693900    0.0000239000   -0.0001348800
  -0.0000250800   -0.0000049400   -0.0001351400
   0.0000325700   -0.0000188500    0.0000870100
  -0.0003832800    0.0002214600    0.0015839400
   0.0006233000   -0.0007400300    0.0005113600
  -0.0001212100    0.0001253000   -0.0000344100
   0.0000508800   -0.0000333900    0.0000530300
  -0.0004993900    0.0000695600    0.0001538900
   0.0000867000   -0.0000185600    0.0000380200
  -0.0000423200    0.0000143500    0.0000169900
   0.0000666700   -0.0000168900    0.0000145100
   0.0000241600   -0.0000498000    0.0000315100
  -0.0001440300    0.0000389100   -0.0000109900
   0.0000401700   -0.0004214500    0.0002503700
   0.0003161300    0.0004190100    0.0003642700
   0.0003736600    0.0005066800    0.0003117000
  -0.0000040700   -0.0003601300    0.0002437200
  -0.0000449900    0.0000648700   -0.0000564900
   0.0000245800   -0.0000505100    0.0000311700
   0.0000318700   -0.0000180400   -0.0001273800
  -0.0000587300    0.0000261900    0.0001204100
   0.0000498000   -0.0000149900    0.0001537600
  -0.0001570400    0.0003874200   -0.0007179900
   0.0000525600   -0.0000363900    0.0001542300
  -0.0000186300   -0.0000914700   -0.0005112700
   0.0008247900   -0.0006726800   -0.0003307600
  -0.0000633900    0.0000365100    0.0002812100

49   
 -0.0092789469068412   0.0053572024944620  -0.0168879106384820
   0.0000400197   -0.0000925797    0.0001208100
  -0.0001021703    0.0000341802   -0.0004300100
   0.0000724297   -0.0001751798   -0.0000030400
  -0.0000905702    0.0001163303    0.0001383700
   0.0001517197    0.0000392202   -0.0000658400
  -0.0000838702   -0.0000519598    0.0001163600
   0.0000113297   -0.0000082998    0.0000212700
  -0.0000068303    0.0000232902   -0.0000444400
  -0.0000009603    0.0001812203    0.0002140300
   0.0000435097   -0.0002329097   -0.0000966800
  -0.0002872803    0.0002623002   -0.0001417800
   0.0000282997    0.0000113402    0.0000638600
  -0.0000525803   -0.0000521198   -0.0000457100
  -0.0000085303    0.0000147002    0.0000413000
  -0.0000431303   -0.0000226098    0.0000919100
   0.0001478797    0.0000675102   -0.0000611800
  -0.0000367603    0.0000126402    0.0000753400
   0.0000304497   -0.0000169898   -0.0001212500
  -0.0000346703   -0.0000906197   -0.0000537700
   0.0000492897    0.0000981602    0.0000739400
  -0.0004345603    0.0000962403   -0.0004268900
   0.0000288897   -0.0000535798    0.0002185400
  -0.0000107103    0.0000094702    0.0000100900
   0.0000297597   -0.0000370698   -0.0000436600
  -0.0000018703   -0.0000022698    0.0000307700
  -0.0000213503    0.0000023302   -0.0000416200
  -0.0001296202    0.0002404303   -0.0004182800
   0.0001516497   -0.0000422497    0.0002047600
  -0.0000639603    0.0001293503   -0.0001131100
   0.0000570397   -0.0000708197    0.0000712500
  -0.0000754702    0.0000409002    0.0000771200
   0.0001303397   -0.0000255998    0.0000210500
   0.0000890197   -0.0001368098    0.0002354500
  -0.0012593203   -0.0000740197   -0.0008488100
  -0.0000078103   -0.0000206698   -0.0000294100
   0.0000043297    0.0000165602    0.0000422300
   0.0000363897    0.0000808803   -0.0001433300
  -0.0000037703   -0.0000261798    0.0000522300
   0.0000452497    0.0000442102    0.0000786800
  -0.0000164903   -0.0000865497   -0.0000398700
  -0.0001718603    0.0000113502    0.0001499000
   0.0001677697   -0.0000327998   -0.0000699200
  -0.0000365003    0.0001555503   -0.0000917700
   0.0000097897   -0.0000402898    0.0000702900
   0.0000402797    0.0006249002   -0.0005442900
   0.0000728298   -0.0000472798    0.0001449200
  -0.0000237803    0.0000242802    0.0000413000
   0.0000271497   -0.0000451798   -0.0000756800
   0.0028064798   -0.0016039697    0.0042446700
  -0.0001270702    0.0000630602   -0.0002567100
   0.0000815897   -0.0001362197   -0.0001197800
  -0.0000839003    0.0001508902    0.0001372000
   0.0000752098    0.0000559002   -0.0001569700
  -0.0001695603   -0.0000241698    0.0001318900
   0.0000247797    0.0000050302    0.0001318600
  -0.0000325403    0.0000187602   -0.0000889100
   0.0003739297   -0.0002162898   -0.0015577400
  -0.0006303302    0.0007442103   -0.0005120300
   0.0001240197   -0.0001215297    0.0000403800
  -0.0000504003    0.0000327402   -0.0000504200
   0.0004955098   -0.0000696098   -0.0001489500
  -0.0000864803    0.0000185302   -0.0000351100
   0.0000420197   -0.0000141798   -0.0000145600
  -0.0000666103    0.0000167202   -0.0000115300
  -0.0000247203    0.0000504102   -0.0000340200
   0.0001452697   -0.0000384498    0.0000069800
  -0.0000417303    0.0004182002   -0.0002522000
  -0.0003186603   -0.0004205798   -0.0003673600
  -0.0003704303   -0.0005034798   -0.0003121700
   0.0000067097    0.0003615702   -0.0002453800
   0.0000420797   -0.0000647797    0.0000559500
  -0.0000244503    0.0000500502   -0.0000343800
  -0.0000318503    0.0000186702    0.0001298900
   0.0000584997   -0.0000259198   -0.0001166300
  -0.0000504503    0.0000142702   -0.0001497800
   0.0001605798   -0.0003861698    0.0007199900
  -0.0000523403    0.0000372202   -0.0001501500
   0.0000192697    0.0000853703    0.0005127800
  -0.0008199402    0.0006683903    0.0003275200
   0.0000645297   -0.0000373598   -0.0002797600
