!    ibrav = 0, nat = 80, ntyp = 3
CELL_PARAMETERS bohr
    9.5787357396992228   -5.5302856578126320   17.4335336569722834
    0.0000000000000000   11.0605713156252641   17.4335336569722834
   -9.5787357396992228   -5.5302856578126320   17.4335336569722834
ATOMIC_SPECIES
  O   15.99900   O.pbe-n-kjpaw_psl.1.0.0.UPF
 Fe1   55.84500   Fe.pbe-spn-kjpaw_psl.1.0.0.UPF
 Fe2   55.84500   Fe.pbe-spn-kjpaw_psl.1.0.0.UPF
ATOMIC_POSITIONS crystal
  O   0.4736156216000000  0.2763843784000000  0.1250000000000000
  O   0.9736156216000000  0.2763843784000000  0.1250000000000000
  O   0.4736156216000000  0.7763843784000000  0.1250000000000000
  O   0.9736156216000000  0.7763843784000000  0.1250000000000000
  O   0.4736156216000000  0.2763843784000000  0.6250000000000000
  O   0.9736156216000000  0.2763843784000000  0.6250000000000000
  O   0.4736156216000000  0.7763843784000000  0.6250000000000000
  O   0.9736156216000000  0.7763843784000000  0.6250000000000000
  O   0.2236156219000000  0.3750000000000000  0.0263843781000000
  O   0.7236156219000001  0.3750000000000000  0.0263843781000000
  O   0.2236156219000000  0.8750000000000000  0.0263843781000000
  O   0.7236156219000001  0.8750000000000000  0.0263843781000000
  O   0.2236156219000000  0.3750000000000000  0.5263843781000000
  O   0.7236156219000001  0.3750000000000000  0.5263843781000000
  O   0.2236156219000000  0.8750000000000000  0.5263843781000000
  O   0.7236156219000001  0.8750000000000000  0.5263843781000000
  O   0.2763843784000000  0.1250000000000000  0.4736156216000000
  O   0.7763843784000000  0.1250000000000000  0.4736156216000000
  O   0.2763843784000000  0.6250000000000000  0.4736156216000000
  O   0.7763843784000000  0.6250000000000000  0.4736156216000000
  O   0.2763843784000000  0.1250000000000000  0.9736156216000000
  O   0.7763843784000000  0.1250000000000000  0.9736156216000000
  O   0.2763843784000000  0.6250000000000000  0.9736156216000000
  O   0.7763843784000000  0.6250000000000000  0.9736156216000000
  O   0.1250000000000000  0.4736156216000000  0.2763843784000000
  O   0.6250000000000000  0.4736156216000000  0.2763843784000000
  O   0.1250000000000000  0.9736156216000000  0.2763843784000000
  O   0.6250000000000000  0.9736156216000000  0.2763843784000000
  O   0.1250000000000000  0.4736156216000000  0.7763843784000000
  O   0.6250000000000000  0.4736156216000000  0.7763843784000000
  O   0.1250000000000000  0.9736156216000000  0.7763843784000000
  O   0.6250000000000000  0.9736156216000000  0.7763843784000000
  O   0.3750000000000000  0.0263843781000000  0.2236156219000000
  O   0.8750000000000000  0.0263843781000000  0.2236156219000000
  O   0.3750000000000000  0.5263843781000000  0.2236156219000000
  O   0.8750000000000000  0.5263843781000000  0.2236156219000000
  O   0.3750000000000000  0.0263843781000000  0.7236156219000001
  O   0.8750000000000000  0.0263843781000000  0.7236156219000001
  O   0.3750000000000000  0.5263843781000000  0.7236156219000001
  O   0.8750000000000000  0.5263843781000000  0.7236156219000001
  O   0.0263843781000000  0.2236156219000000  0.3750000000000000
  O   0.5263843781000000  0.2236156219000000  0.3750000000000000
  O   0.0263843781000000  0.7236156219000001  0.3750000000000000
  O   0.5263843781000000  0.7236156219000001  0.3750000000000000
  O   0.0263843781000000  0.2236156219000000  0.8750000000000000
  O   0.5263843781000000  0.2236156219000000  0.8750000000000000
  O   0.0263843781000000  0.7236156219000001  0.8750000000000000
  O   0.5263843781000000  0.7236156219000001  0.8750000000000000
 Fe1   0.0731740219000000  0.0731740219000000  0.0731740219000000
 Fe1   0.5731740219000000  0.0731740219000000  0.0731740219000000
 Fe1   0.0731740219000000  0.5731740219000000  0.0731740219000000
 Fe1   0.5731740219000000  0.5731740219000000  0.0731740219000000
 Fe1   0.0731740219000000  0.0731740219000000  0.5731740219000000
 Fe1   0.5731740219000000  0.0731740219000000  0.5731740219000000
 Fe1   0.0731740219000000  0.5731740219000000  0.5731740219000000
 Fe1   0.5731740219000000  0.5731740219000000  0.5731740219000000
 Fe1   0.1768259781000000  0.1768259781000000  0.1768259781000000
 Fe1   0.6768259781000000  0.1768259781000000  0.1768259781000000
 Fe1   0.1768259781000000  0.6768259781000000  0.1768259781000000
 Fe1   0.6768259781000000  0.6768259781000000  0.1768259781000000
 Fe1   0.1768259781000000  0.1768259781000000  0.6768259781000000
 Fe1   0.6768259781000000  0.1768259781000000  0.6768259781000000
 Fe1   0.1768259781000000  0.6768259781000000  0.6768259781000000
 Fe1   0.6768259781000000  0.6768259781000000  0.6768259781000000
 Fe2   0.3231740298500000  0.3231740298500000  0.3231740298500000
 Fe2   0.8231740298500000  0.3231740298500000  0.3231740298500000
 Fe2   0.3231740298500000  0.8231740298500000  0.3231740298500000
 Fe2   0.8231740298500000  0.8231740298500000  0.3231740298500000
 Fe2   0.3231740298500000  0.3231740298500000  0.8231740298500000
 Fe2   0.8231740298500000  0.3231740298500000  0.8231740298500000
 Fe2   0.3231740298500000  0.8231740298500000  0.8231740298500000
 Fe2   0.8231740298500000  0.8231740298500000  0.8231740298500000
 Fe2   0.4268259701500000  0.4268259701500000  0.4268259701500000
 Fe2   0.9268259701500000  0.4268259701500000  0.4268259701500000
 Fe2   0.4268259701500000  0.9268259701500000  0.4268259701500000
 Fe2   0.9268259701500000  0.9268259701500000  0.4268259701500000
 Fe2   0.4268259701500000  0.4268259701500000  0.9268259701500000
 Fe2   0.9268259701500000  0.4268259701500000  0.9268259701500000
 Fe2   0.4268259701500000  0.9268259701500000  0.9268259701500000
 Fe2   0.9268259701500000  0.9268259701500000  0.9268259701500000