-2.672731617158311757e+00 0.000000000000000000e+00
-2.528512542163142918e+00 0.000000000000000000e+00
-2.384293467167974079e+00 0.000000000000000000e+00
-2.240074392172805240e+00 0.000000000000000000e+00
-2.095855317177636401e+00 0.000000000000000000e+00
-1.951636242182467562e+00 0.000000000000000000e+00
-1.807417167187298723e+00 0.000000000000000000e+00
-1.663198092192129884e+00 0.000000000000000000e+00
-1.518979017196961045e+00 0.000000000000000000e+00
-1.374759942201792207e+00 0.000000000000000000e+00
-1.230540867206623368e+00 0.000000000000000000e+00
-1.086321792211454529e+00 0.000000000000000000e+00
-9.421027172162856900e-01 0.000000000000000000e+00
-7.978836422211168511e-01 0.000000000000000000e+00
-6.536645672259480122e-01 0.000000000000000000e+00
-5.094454922307791733e-01 0.000000000000000000e+00
-3.652264172356103344e-01 0.000000000000000000e+00
-2.210073422404414956e-01 9.816576560277598951e-01
-7.678826724527265668e-02 4.935703579504751581e-01
6.743080774989618220e-02 5.213009951732394676e-01
2.116498827450650211e-01 5.634258085179008058e-01
3.558689577402338600e-01 6.722744728618432752e-01
5.000880327354026988e-01 7.230007979132211382e-01
6.443071077305715377e-01 7.273919855918548061e-01
7.885261827257403766e-01 7.435014135173895200e-01
9.327452577209092155e-01 7.622945555529726525e-01
1.076964332716078054e+00 7.886656994245320185e-01
1.221183407711246893e+00 8.204913777892948179e-01
1.365402482706415732e+00 1.140054214596612603e+00
1.509621557701584571e+00 1.218394984697922068e+00
1.653840632696753410e+00 1.296134458359539998e+00
1.798059707691922249e+00 1.427516537572521838e+00
1.942278782687091088e+00 1.717579985014670685e+00
2.086497857682259927e+00 1.970508554827713699e+00
2.230716932677428765e+00 2.329020692980050100e+00
2.374936007672597604e+00 2.369121838507596056e+00
2.519155082667766443e+00 1.881530110040032788e+00
2.663374157662935282e+00 1.122005184439604397e+00
2.807593232658104121e+00 1.320399368730559075e+00
2.951812307653272960e+00 1.367946435662877214e+00
3.096031382648441799e+00 2.238419433915352030e+00
3.240250457643610638e+00 2.062055117162803874e+00
3.384469532638779476e+00 2.152507842656356196e+00
3.528688607633948315e+00 2.603806763949372716e+00
3.672907682629117154e+00 3.611341298408863754e+00
3.817126757624285993e+00 1.426616403446349102e+00
3.961345832619454832e+00 1.618301965046428759e+00
4.105564907614623671e+00 2.131644400677623619e+00
4.249783982609792510e+00 2.746149776787669250e+00
4.394003057604961349e+00 2.721908068256084334e+00
4.538222132600130188e+00 1.396757805190495416e+00
4.682441207595299026e+00 1.399145969626562902e+00
4.826660282590467865e+00 1.435416093450840647e+00
4.970879357585636704e+00 1.561089161425952110e+00
5.115098432580805543e+00 1.934894262923594788e+00
5.259317507575974382e+00 2.309307746356210611e+00
5.403536582571143221e+00 5.973489488554621918e-01
5.547755657566312060e+00 6.681682085029178042e-01
5.691974732561480899e+00 7.444900082480061521e-01
5.836193807556649737e+00 8.698382405604279111e-01
5.980412882551818576e+00 1.058889193617143842e+00
6.124631957546987415e+00 1.345016660672658571e+00
6.268851032542156254e+00 2.792953278271935957e+00
6.413070107537325093e+00 1.612792976623920405e+00
6.557289182532493932e+00 9.466535352211215004e-01
6.701508257527662771e+00 0.000000000000000000e+00
6.845727332522831610e+00 4.225193141299090627e-01
6.989946407518000449e+00 9.547613167302382298e-01
7.134165482513169287e+00 2.167019371749546064e+00
7.278384557508338126e+00 2.145766886320245703e+00
7.422603632503506965e+00 2.293458108344476276e+00
7.566822707498675804e+00 1.214106887979034965e+01
7.711041782493844643e+00 0.000000000000000000e+00
7.855260857489013482e+00 0.000000000000000000e+00
7.999479932484182321e+00 0.000000000000000000e+00
8.143699007479352048e+00 0.000000000000000000e+00
8.287918082474519110e+00 4.772416297563376181e-02
8.432137157469689726e+00 2.141013733835083865e+00
8.576356232464856788e+00 3.621155306649253003e+00
8.720575307460027403e+00 2.589651512531929267e+00
8.864794382455194466e+00 2.429945713860336642e+00
9.009013457450365081e+00 1.599101579083232583e+00
9.153232532445532144e+00 1.320741773528335328e+00
9.297451607440702759e+00 2.876621745981660982e+00
9.441670682435869821e+00 1.758560789387416445e+00
9.585889757431040437e+00 1.452588716175865713e+00
9.730108832426207499e+00 1.001380505550469202e+00
9.874327907421378114e+00 1.085332859671985339e+00
1.001854698241654518e+01 1.233360310361774070e+00
1.016276605741171579e+01 1.557169911450116739e+00
1.030698513240688285e+01 2.103038153659423593e+00
1.045120420740205347e+01 9.388949284150738706e+00
1.059542328239722053e+01 1.227581196073672443e+00
1.073964235739239115e+01 9.854748388023912842e-01
1.088386143238755821e+01 1.032537426154763294e+00
1.102808050738272883e+01 1.647686179853491417e+00
1.117229958237789589e+01 7.927405556222756111e+00
1.131651865737306650e+01 6.665579044736042569e+00
1.146073773236823357e+01 0.000000000000000000e+00
1.160495680736340418e+01 0.000000000000000000e+00
1.174917588235857124e+01 0.000000000000000000e+00
1.189339495735374186e+01 0.000000000000000000e+00
1.203761403234890892e+01 1.557518827623661561e+00
1.218183310734407954e+01 3.395372015057909643e+00
1.232605218233924660e+01 7.189216924217943117e+00
1.247027125733441721e+01 0.000000000000000000e+00
1.261449033232958428e+01 0.000000000000000000e+00
1.275870940732475489e+01 1.608410458807251198e-01
1.290292848231992195e+01 2.597387588230682720e+00
1.304714755731509257e+01 1.956767540502041491e+00
1.319136663231025963e+01 4.361729281766599797e+00
1.333558570730542669e+01 2.981981019651717801e+00
1.347980478230059731e+01 0.000000000000000000e+00
1.362402385729576793e+01 0.000000000000000000e+00
1.376824293229093499e+01 0.000000000000000000e+00
1.391246200728610205e+01 0.000000000000000000e+00
1.405668108228127267e+01 0.000000000000000000e+00
1.420090015727644328e+01 0.000000000000000000e+00
1.434511923227161034e+01 0.000000000000000000e+00
1.448933830726677741e+01 0.000000000000000000e+00
1.463355738226194802e+01 0.000000000000000000e+00
1.477777645725711864e+01 0.000000000000000000e+00
1.492199553225228570e+01 0.000000000000000000e+00
1.506621460724745276e+01 2.155771315803738375e+00
1.521043368224262338e+01 2.204913607352102289e+00
1.535465275723779399e+01 4.331117377030746951e+00
1.549887183223296105e+01 0.000000000000000000e+00
1.564309090722812812e+01 0.000000000000000000e+00
1.578730998222329873e+01 0.000000000000000000e+00
1.593152905721846935e+01 0.000000000000000000e+00
1.607574813221363641e+01 0.000000000000000000e+00
1.621996720720880347e+01 0.000000000000000000e+00
1.636418628220397409e+01 0.000000000000000000e+00
1.650840535719914470e+01 0.000000000000000000e+00
1.665262443219431177e+01 0.000000000000000000e+00
1.679684350718947883e+01 0.000000000000000000e+00
1.694106258218464944e+01 0.000000000000000000e+00
1.708528165717982006e+01 0.000000000000000000e+00
1.722950073217498712e+01 0.000000000000000000e+00
1.737371980717015418e+01 2.375766542888110955e+00
1.751793888216532480e+01 1.181507835074606660e+00
1.766215795716049541e+01 1.014604257574414525e+00
1.780637703215566248e+01 9.668190405087714323e-01
1.795059610715082954e+01 9.650843643599811283e-01
1.809481518214600015e+01 1.048605437393914208e+00
1.823903425714117077e+01 1.226563678910450816e+00
1.838325333213633783e+01 1.542007274970376374e+00
1.852747240713150489e+01 3.254457282353382830e+00
1.867169148212667551e+01 0.000000000000000000e+00
1.881591055712184613e+01 0.000000000000000000e+00
1.896012963211701319e+01 0.000000000000000000e+00
1.910434870711218025e+01 0.000000000000000000e+00
1.924856778210735087e+01 0.000000000000000000e+00
1.939278685710252148e+01 0.000000000000000000e+00
1.953700593209768854e+01 0.000000000000000000e+00
1.968122500709285561e+01 0.000000000000000000e+00
1.982544408208802622e+01 0.000000000000000000e+00
1.996966315708319684e+01 0.000000000000000000e+00
2.011388223207836390e+01 0.000000000000000000e+00
2.025810130707353096e+01 0.000000000000000000e+00
2.040232038206870158e+01 0.000000000000000000e+00
2.054653945706387219e+01 0.000000000000000000e+00
2.069075853205903925e+01 0.000000000000000000e+00
2.083497760705420632e+01 0.000000000000000000e+00
2.097919668204937693e+01 0.000000000000000000e+00
2.112341575704454755e+01 0.000000000000000000e+00
2.126763483203971461e+01 0.000000000000000000e+00
2.141185390703488167e+01 0.000000000000000000e+00
2.155607298203005229e+01 0.000000000000000000e+00
2.170029205702522290e+01 0.000000000000000000e+00
2.184451113202038997e+01 0.000000000000000000e+00
2.198873020701555703e+01 0.000000000000000000e+00
2.213294928201072764e+01 0.000000000000000000e+00
2.227716835700589826e+01 0.000000000000000000e+00
2.242138743200106532e+01 0.000000000000000000e+00
2.256560650699623238e+01 0.000000000000000000e+00
2.270982558199140300e+01 0.000000000000000000e+00
2.285404465698657361e+01 0.000000000000000000e+00
2.299826373198174068e+01 9.845415016803923391e-01
2.314248280697690774e+01 1.180004640200419619e+00
2.328670188197207835e+01 1.539913091361810205e+00
2.343092095696724897e+01 2.268975432764058553e+00
2.357514003196241603e+01 3.113405947603122836e+00
2.371935910695758309e+01 4.496851043723677499e+00
2.386357818195275371e+01 0.000000000000000000e+00
2.400779725694792432e+01 0.000000000000000000e+00
2.415201633194309139e+01 0.000000000000000000e+00
2.429623540693825845e+01 0.000000000000000000e+00
2.444045448193342907e+01 0.000000000000000000e+00
2.458467355692859968e+01 0.000000000000000000e+00
2.472889263192376674e+01 0.000000000000000000e+00
2.487311170691893381e+01 0.000000000000000000e+00
2.501733078191410442e+01 0.000000000000000000e+00
2.516154985690927504e+01 0.000000000000000000e+00
2.530576893190444210e+01 0.000000000000000000e+00
2.544998800689960916e+01 0.000000000000000000e+00
2.559420708189477978e+01 0.000000000000000000e+00
2.573842615688995039e+01 0.000000000000000000e+00
2.588264523188511745e+01 0.000000000000000000e+00
2.602686430688028452e+01 0.000000000000000000e+00
2.617108338187545513e+01 0.000000000000000000e+00
