!    ibrav = 0, nat = 80, ntyp = 3
CELL_PARAMETERS bohr
    9.6901854434177555   -5.5946311742602459   17.6363748474659694
    0.0000000000000000   11.1892623485167118   17.6363748474659694
   -9.6901854434177555   -5.5946311742602459   17.6363748474659694
ATOMIC_SPECIES
  O   15.99900   O.pbe-n-kjpaw_psl.1.0.0.UPF
 Fe1   55.84500   Fe.pbe-spn-kjpaw_psl.1.0.0.UPF
 Fe2   55.84500   Fe.pbe-spn-kjpaw_psl.1.0.0.UPF
ATOMIC_POSITIONS crystal
  O   0.4737053426500001  0.2762946573500000  0.1250000000000001
  O   0.9737053426500001  0.2762946573500000  0.1250000000000001
  O   0.4737053426500001  0.7762946573500001  0.1250000000000001
  O   0.9737053426500001  0.7762946573500001  0.1250000000000002
  O   0.4737053426500001  0.2762946573500000  0.6250000000000001
  O   0.9737053426500001  0.2762946573500001  0.6250000000000001
  O   0.4737053426500002  0.7762946573500001  0.6250000000000001
  O   0.9737053426500001  0.7762946573500000  0.6250000000000000
  O   0.2237053440000001  0.3750000000000001  0.0262946560000001
  O   0.7237053440000000  0.3750000000000001  0.0262946560000000
  O   0.2237053440000001  0.8750000000000001  0.0262946560000001
  O   0.7237053440000001  0.8750000000000001  0.0262946560000002
  O   0.2237053440000001  0.3750000000000000  0.5262946560000000
  O   0.7237053440000000  0.3750000000000001  0.5262946560000001
  O   0.2237053440000001  0.8750000000000001  0.5262946560000001
  O   0.7237053440000001  0.8750000000000001  0.5262946560000002
  O   0.2762946573500000  0.1250000000000000  0.4737053426500000
  O   0.7762946573500001  0.1250000000000001  0.4737053426500001
  O   0.2762946573500001  0.6250000000000001  0.4737053426500001
  O   0.7762946573500001  0.6250000000000001  0.4737053426500001
  O   0.2762946573500001  0.1250000000000000  0.9737053426500001
  O   0.7762946573500000  0.1250000000000001  0.9737053426500000
  O   0.2762946573500002  0.6250000000000001  0.9737053426500001
  O   0.7762946573500000  0.6250000000000000  0.9737053426500000
  O   0.1250000000000001  0.4737053426500001  0.2762946573500000
  O   0.6250000000000001  0.4737053426500001  0.2762946573500001
  O   0.1250000000000002  0.9737053426500001  0.2762946573500002
  O   0.6250000000000002  0.9737053426500001  0.2762946573500003
  O   0.1250000000000001  0.4737053426500001  0.7762946573500001
  O   0.6250000000000001  0.4737053426500001  0.7762946573500001
  O   0.1250000000000002  0.9737053426500001  0.7762946573500003
  O   0.6250000000000002  0.9737053426500002  0.7762946573500003
  O   0.3750000000000000  0.0262946560000000  0.2237053440000000
  O   0.8750000000000000  0.0262946559999999  0.2237053440000001
  O   0.3750000000000001  0.5262946560000000  0.2237053440000000
  O   0.8750000000000000  0.5262946560000000  0.2237053440000001
  O   0.3750000000000000  0.0262946560000000  0.7237053440000000
  O   0.8750000000000000  0.0262946559999999  0.7237053440000001
  O   0.3750000000000001  0.5262946560000001  0.7237053440000001
  O   0.8750000000000001  0.5262946560000000  0.7237053440000001
  O   0.0262946560000001  0.2237053440000001  0.3750000000000001
  O   0.5262946560000001  0.2237053440000001  0.3750000000000001
  O   0.0262946560000001  0.7237053440000001  0.3750000000000001
  O   0.5262946560000001  0.7237053440000001  0.3750000000000002
  O   0.0262946560000000  0.2237053440000000  0.8750000000000000
  O   0.5262946560000000  0.2237053440000000  0.8750000000000000
  O   0.0262946560000001  0.7237053440000001  0.8750000000000001
  O   0.5262946560000001  0.7237053440000000  0.8750000000000001
 Fe1   0.0722909288152846  0.0732484901500000  0.0732484901500000
 Fe1   0.5732484901500001  0.0732484901500000  0.0732484901499999
 Fe1   0.0732484901500001  0.5732484901500000  0.0732484901500001
 Fe1   0.5732484901500002  0.5732484901500001  0.0732484901500001
 Fe1   0.0732484901500000  0.0732484901500000  0.5732484901500000
 Fe1   0.5732484901500000  0.0732484901500000  0.5732484901500000
 Fe1   0.0732484901500001  0.5732484901500000  0.5732484901500001
 Fe1   0.5732484901500001  0.5732484901500001  0.5732484901500001
 Fe1   0.1767515098500000  0.1767515098500000  0.1767515098500000
 Fe1   0.6767515098500000  0.1767515098500000  0.1767515098500000
 Fe1   0.1767515098500001  0.6767515098500001  0.1767515098500001
 Fe1   0.6767515098500001  0.6767515098500001  0.1767515098500001
 Fe1   0.1767515098500000  0.1767515098500000  0.6767515098500000
 Fe1   0.6767515098500001  0.1767515098500000  0.6767515098500001
 Fe1   0.1767515098500001  0.6767515098500001  0.6767515098500001
 Fe1   0.6767515098500002  0.6767515098500001  0.6767515098500002
 Fe2   0.3232484882000001  0.3232484882000001  0.3232484882000001
 Fe2   0.8232484882000001  0.3232484882000001  0.3232484882000001
 Fe2   0.3232484882000002  0.8232484882000000  0.3232484882000001
 Fe2   0.8232484882000003  0.8232484882000002  0.3232484882000002
 Fe2   0.3232484882000001  0.3232484882000001  0.8232484882000000
 Fe2   0.8232484882000002  0.3232484882000002  0.8232484882000001
 Fe2   0.3232484882000001  0.8232484882000000  0.8232484882000001
 Fe2   0.8232484882000002  0.8232484882000001  0.8232484882000001
 Fe2   0.4267515118000001  0.4267515118000000  0.4267515118000001
 Fe2   0.9267515118000001  0.4267515118000000  0.4267515118000000
 Fe2   0.4267515118000001  0.9267515118000001  0.4267515118000001
 Fe2   0.9267515118000003  0.9267515118000001  0.4267515118000001
 Fe2   0.4267515118000000  0.4267515118000000  0.9267515118000001
 Fe2   0.9267515118000001  0.4267515118000000  0.9267515118000001
 Fe2   0.4267515118000001  0.9267515118000001  0.9267515118000003
 Fe2   0.9267515118000003  0.9267515118000001  0.9267515118000003