80   
6    

1    
  0.0092789469068412  -0.0053572024944643   0.0168879106384812
  -0.0010458896    0.0018676899   -0.0026534100
   0.0000182804   -0.0000349701    0.0000690800
  -0.0000176496    0.0000176899    0.0000356800
   0.0000439304   -0.0000638501   -0.0000341100
  -0.0000717996   -0.0000340401    0.0000958500
   0.0000458304    0.0000112299   -0.0000272800
  -0.0000091996   -0.0000100001   -0.0000138100
  -0.0000091896   -0.0000292801    0.0000266700
   0.0001587304   -0.0002664701    0.0004287700
   0.0004008904    0.0001731699    0.0004453300
   0.0000201204   -0.0000202501   -0.0000154400
  -0.0000331396    0.0000750399    0.0000359000
   0.0000103204    0.0000032999   -0.0000109100
  -0.0000064296   -0.0000107601    0.0000022100
   0.0000137504    0.0000002099   -0.0000090800
  -0.0000140596   -0.0000305701   -0.0000036900
   0.0000876504    0.0000744899   -0.0000517900
  -0.0000187096    0.0000066899    0.0000574500
  -0.0000208496    0.0000331299    0.0000447000
  -0.0000126396   -0.0000415701   -0.0000291200
   0.0000033504    0.0000212199    0.0000571400
   0.0004773404   -0.0002702101   -0.0002435600
   0.0000322904   -0.0002004001   -0.0001087800
  -0.0000013396    0.0000421999    0.0000593300
   0.0001696204   -0.0001144901   -0.0000501700
   0.0000107504    0.0000041399    0.0000460700
   0.0000488904   -0.0000075601    0.0000704300
  -0.0000934096   -0.0003289701   -0.0002101900
   0.0000545904   -0.0000299001    0.0000646200
  -0.0000558596    0.0000779999   -0.0001132500
   0.0000355604   -0.0000073601   -0.0000042900
  -0.0000073296    0.0000047299    0.0000435800
   0.0001505504    0.0002480799    0.0002702500
   0.0001342104   -0.0002188001    0.0001221300
  -0.0001091196    0.0001252199    0.0000883000
   0.0000296304   -0.0000186101    0.0000209800
  -0.0000301996   -0.0000146701   -0.0000107600
  -0.0000006596    0.0000122699   -0.0000245400
  -0.0000334096   -0.0000724301    0.0000760600
   0.0000332204    0.0000251499   -0.0000020800
   0.0000368204    0.0000068399    0.0000065800
  -0.0004151496   -0.0001852701    0.0004474600
   0.0000093104   -0.0000375801   -0.0000036000
  -0.0000169596    0.0000131499   -0.0000123700
   0.0000395304   -0.0000101001    0.0000021900
  -0.0003372096    0.0000091299    0.0003227300
   0.0000016204   -0.0000412401   -0.0000011300
  -0.0000014196    0.0000356799   -0.0000118000
  -0.0001243796    0.0000085099   -0.0000862300
   0.0002322104   -0.0002073201    0.0003147100
  -0.0001077496    0.0001623399    0.0000309700
   0.0000453204   -0.0001409701   -0.0001117600
  -0.0000385896   -0.0000108501    0.0000207200
   0.0000786504    0.0001200299   -0.0000815100
  -0.0000036396    0.0000135899   -0.0000168500
   0.0000545004    0.0000227399    0.0000410500
  -0.0001260996   -0.0000353401   -0.0001904800
   0.0002012904   -0.0000759801    0.0003938000
  -0.0000199496    0.0000057799    0.0000998200
  -0.0000153096   -0.0000196601   -0.0000538600
  -0.0000241596    0.0000014299    0.0000213100
   0.0001175604   -0.0000162801   -0.0000781500
  -0.0000086396    0.0000520499   -0.0000561700
   0.0000128204    0.0000045799    0.0000310300
   0.0002099404   -0.0001325301    0.0002916100
  -0.0000112896    0.0000123699   -0.0000543500
  -0.0000356196   -0.0000602101   -0.0000645500
  -0.0000019596    0.0001049799    0.0000423300
   0.0000640404    0.0000351299   -0.0001664700
  -0.0001666796   -0.0001003201    0.0000662100
   0.0000353304    0.0000526199    0.0000620900
   0.0000065704   -0.0000086401   -0.0000298200
   0.0000834904   -0.0000586701   -0.0001212800
  -0.0000641896   -0.0000047401   -0.0000042500
   0.0000602604   -0.0000805301    0.0000883500
   0.0000174604    0.0000575299   -0.0000848500
  -0.0000165596   -0.0005739901    0.0004798700
  -0.0001302996    0.0000045199   -0.0001291200
   0.0000132304   -0.0000168701   -0.0000391200
  -0.0000427296    0.0000956099    0.0000906200

1    
 -0.0092789469068412   0.0053572024944643  -0.0168879106384812
   0.0009956601   -0.0018389403    0.0026111004
  -0.0000128499    0.0000249698   -0.0000688496
   0.0000231201   -0.0000273002   -0.0000356696
  -0.0000383299    0.0000540198    0.0000341204
   0.0000772401    0.0000243598   -0.0000955896
  -0.0000399699   -0.0000209402    0.0000272804
   0.0000147701    0.0000003198    0.0000137604
   0.0000146601    0.0000194598   -0.0000266196
  -0.0001493499    0.0002714098   -0.0004352296
  -0.0003823599   -0.0001700303   -0.0004371496
  -0.0000089299    0.0000200198    0.0000153204
   0.0000434901   -0.0000736402   -0.0000355096
   0.0000016101   -0.0000032102    0.0000097204
   0.0000174001    0.0000108398   -0.0000020596
  -0.0000026299   -0.0000001002    0.0000091504
   0.0000250801    0.0000304098    0.0000035004
  -0.0000968699   -0.0000733602    0.0000525704
   0.0000075401   -0.0000066402   -0.0000573896
   0.0000095701   -0.0000331002   -0.0000447296
   0.0000013601    0.0000414898    0.0000290504
  -0.0000143199   -0.0000213302   -0.0000571796
  -0.0004850399    0.0002686098    0.0002399504
  -0.0000431999    0.0001988597    0.0001092004
  -0.0000099099   -0.0000416302   -0.0000587296
  -0.0001639299    0.0001237398    0.0000512904
  -0.0000053199    0.0000056098   -0.0000459596
  -0.0000431799    0.0000170198   -0.0000702296
   0.0000973901    0.0003395798    0.0002069304
  -0.0000481999    0.0000396998   -0.0000645996
   0.0000601601   -0.0000691702    0.0001130104
  -0.0000297299    0.0000171298    0.0000043004
   0.0000128801    0.0000048798   -0.0000433096
  -0.0001569199   -0.0002608002   -0.0002722396
  -0.0001387499    0.0002078498   -0.0001210696
   0.0001028101   -0.0001348803   -0.0000898496
  -0.0000352099    0.0000089798   -0.0000208296
   0.0000244901    0.0000052198    0.0000106404
  -0.0000047899   -0.0000219002    0.0000245204
   0.0000277501    0.0000627098   -0.0000759696
  -0.0000382699   -0.0000344302    0.0000019004
  -0.0000425399    0.0000026698   -0.0000063596
   0.0004039401    0.0001931398   -0.0004431896
  -0.0000147999    0.0000469598    0.0000035304
   0.0000113101   -0.0000036502    0.0000124204
  -0.0000446299    0.0000195798   -0.0000025496
   0.0003325101   -0.0000004702   -0.0003217496
  -0.0000073499    0.0000510598    0.0000011104
  -0.0000041599   -0.0000259202    0.0000117004
   0.0001236101   -0.0000083102    0.0001008304
  -0.0002285599    0.0002033897   -0.0003008496
   0.0001079101   -0.0001627003   -0.0000172796
  -0.0000437699    0.0001397797    0.0001264504
   0.0000383201    0.0000109098   -0.0000065096
  -0.0000783099   -0.0001193502    0.0000961104
   0.0000031301   -0.0000132602    0.0000318404
  -0.0000544199   -0.0000227402   -0.0000264396
   0.0001263801    0.0000358598    0.0001758304
  -0.0001761199    0.0000264898   -0.0003596796
   0.0000196701   -0.0000048702   -0.0001138896
   0.0000147801    0.0000191298    0.0000386804
   0.0000233301   -0.0000017602   -0.0000356496
  -0.0001169699    0.0000163098    0.0000631204
   0.0000086201   -0.0000519702    0.0000410504
  -0.0000128399   -0.0000046202   -0.0000453396
  -0.0002014199    0.0001301897   -0.0002761196
   0.0000113601   -0.0000125302    0.0000686404
   0.0000356401    0.0000604198    0.0000793104
   0.0000022401   -0.0001047102   -0.0000268396
  -0.0000648199   -0.0000349102    0.0001810504
   0.0001662201    0.0001002098   -0.0000500496
  -0.0000349799   -0.0000524302   -0.0000469396
  -0.0000062499    0.0000085298    0.0000440604
  -0.0000830199    0.0000576898    0.0001069004
   0.0000637701    0.0000046298   -0.0000109296
  -0.0000601599    0.0000794798   -0.0001037496
  -0.0000171899   -0.0000569202    0.0000699104
   0.0000319101    0.0005918298   -0.0004996296
   0.0001290701   -0.0000047602    0.0001133304
  -0.0000133299    0.0000170698    0.0000244804
   0.0000429901   -0.0000952202   -0.0001051696

1    
 -0.0092789469068412  -0.0053572024944643   0.0168879106384812
   0.0029738621    0.0017816374   -0.0037842821
   0.0000263321   -0.0000224826    0.0000510479
  -0.0000005279    0.0000259474    0.0000510779
   0.0000534821    0.0000248774   -0.0000563221
  -0.0001253279   -0.0000788326    0.0001929379
  -0.0000505579    0.0000173374   -0.0000200721
  -0.0000049679   -0.0000623326   -0.0000195621
  -0.0000292879   -0.0000233026    0.0000528079
   0.0002565021   -0.0002043926    0.0003446779
   0.0002565521    0.0000973174    0.0001613879
   0.0000186421    0.0000122074   -0.0000107821
  -0.0000758279    0.0001561874    0.0000858179
  -0.0001590379    0.0000117674    0.0001768379
  -0.0000597279   -0.0000128926    0.0000034179
   0.0000108321   -0.0000356526   -0.0000370921
  -0.0000104979   -0.0000623826   -0.0000199121
  -0.0002899679   -0.0002427826   -0.0001547221
  -0.0000182779   -0.0000078126    0.0000899679
  -0.0000401179    0.0000518874    0.0001012479
  -0.0000722679   -0.0000372626   -0.0000307821
   0.0000413921    0.0000397474    0.0000969679
  -0.0002360979    0.0002208374   -0.0002152521
   0.0001431821   -0.0002357226   -0.0001624121
   0.0000158021    0.0000378674    0.0000620879
  -0.0001276179    0.0002506674   -0.0001606321
   0.0000448221    0.0000014074    0.0000728579
   0.0000405421   -0.0000038626    0.0000700079
   0.0000773221   -0.0003114026   -0.0002136921
   0.0000310421   -0.0000518326    0.0001018279
  -0.0003532779   -0.0001212626   -0.0001571321
  -0.0000624279   -0.0000339226   -0.0000308921
  -0.0000106179   -0.0000019026    0.0000901179
   0.0002037521    0.0001600774    0.0001528279
   0.0000470021   -0.0001590126    0.0000665279
  -0.0000555079    0.0003124474    0.0003455179
   0.0000135321    0.0000043874   -0.0000103621
  -0.0000455179   -0.0000545026    0.0000044779
  -0.0000646679    0.0000133474   -0.0000204821
  -0.0000754479   -0.0001534926    0.0001772779
  -0.0000308179    0.0000184974   -0.0000372621
   0.0000306821    0.0000168674   -0.0000305321
  -0.0003647579   -0.0004384726    0.0007838279
  -0.0000090179    0.0000098774    0.0000083179
  -0.0000207579   -0.0000147826   -0.0000036621
  -0.0000223179    0.0000082174   -0.0000071021
  -0.0005738279   -0.0000862926    0.0007943679
  -0.0000016379   -0.0000025226    0.0000079179
   0.0000247121    0.0000269374   -0.0000297821
  -0.0000606679   -0.0000058526   -0.0000936421
  -0.0001373679   -0.0001896526    0.0003790879
  -0.0001761979    0.0000434074    0.0001089379
  -0.0001118579   -0.0000978126   -0.0001094721
   0.0000937421    0.0000025174    0.0001130679
   0.0001066421    0.0002252174   -0.0001519721
   0.0000942221   -0.0000671826   -0.0000839021
   0.0001317321    0.0000939974    0.0000144679
  -0.0001448479   -0.0000472026   -0.0001121721
  -0.0002362479   -0.0000264526    0.0003657879
  -0.0000493879   -0.0001719826    0.0000955579
  -0.0000466879   -0.0000720726   -0.0000856621
   0.0001445821    0.0000669974    0.0000008079
   0.0002502221   -0.0000203626   -0.0001664121
  -0.0000109779    0.0001155474   -0.0000984021
   0.0000494621    0.0000801874    0.0000985179
  -0.0009598979   -0.0000230626    0.0005931879
  -0.0000098279    0.0000183674   -0.0000494421
  -0.0000340979   -0.0000636926   -0.0000687721
  -0.0000035879    0.0000589174    0.0000442379
  -0.0000014079    0.0000900274   -0.0002791821
   0.0000811321   -0.0000740126    0.0001732579
   0.0000431821    0.0000969374    0.0000905579
   0.0000348521   -0.0000070826   -0.0000636821
   0.0000748221   -0.0000455926   -0.0002941721
   0.0001057521   -0.0000100226    0.0000749479
  -0.0000229079    0.0001066974    0.0001574179
   0.0000134621    0.0000342874   -0.0000785921
  -0.0005288479   -0.0009001426    0.0006148279
  -0.0000714179   -0.0000006826   -0.0000857421
   0.0000127521   -0.0000205026   -0.0000663321
   0.0000503921   -0.0000309726    0.0000294579

1    
  0.0092789469068412   0.0053572024944643  -0.0168879106384812
  -0.0029961196   -0.0017722106    0.0037631696
  -0.0000216596    0.0000128494   -0.0000510804
   0.0000057404   -0.0000348306   -0.0000507204
  -0.0000480596   -0.0000338906    0.0000566096
   0.0001303604    0.0000690694   -0.0001926704
   0.0000564504   -0.0000267906    0.0000195096
   0.0000108804    0.0000528194    0.0000193396
   0.0000347504    0.0000135694   -0.0000526104
  -0.0002463296    0.0002059194   -0.0003488304
  -0.0002420496   -0.0000965406   -0.0001573804
  -0.0000107796   -0.0000095106    0.0000105896
   0.0000864104   -0.0001553306   -0.0000854804
   0.0001707704   -0.0000115806   -0.0001772504
   0.0000706204    0.0000128894   -0.0000032604
   0.0000003504    0.0000357094    0.0000371896
   0.0000215104    0.0000622894    0.0000199796
   0.0002800504    0.0002432594    0.0001548796
   0.0000073804    0.0000077994   -0.0000901004
   0.0000290104   -0.0000516406   -0.0001010504
   0.0000609804    0.0000371394    0.0000306796
  -0.0000239996   -0.0000385506   -0.0000729204
   0.0002266304   -0.0002223006    0.0002142096
  -0.0001541996    0.0002344494    0.0001618996
  -0.0000271996   -0.0000372106   -0.0000615604
   0.0001331004   -0.0002414206    0.0001609496
  -0.0000394596    0.0000083894   -0.0000727504
  -0.0000400696    0.0000046094   -0.0000614504
  -0.0000726096    0.0003218294    0.0002118096
  -0.0000248996    0.0000610494   -0.0001014504
   0.0003579404    0.0001306394    0.0001568696
   0.0000677904    0.0000437594    0.0000306796
   0.0000158604    0.0000115094   -0.0000900004
  -0.0002097696   -0.0001705306   -0.0001547804
  -0.0000978396    0.0001434494   -0.0000858104
   0.0000497104   -0.0003224006   -0.0003460604
  -0.0000192096   -0.0000139006    0.0000105896
   0.0000402004    0.0000449794   -0.0000036904
   0.0000590404   -0.0000228806    0.0000205096
   0.0000697904    0.0001437494   -0.0001771904
   0.0000254404   -0.0000274906    0.0000371996
  -0.0000355496   -0.0000075306    0.0000302296
   0.0003566504    0.0004471394   -0.0007816104
   0.0000030604    0.0000000594   -0.0000080904
   0.0000151304    0.0000245194    0.0000036896
   0.0000231104    0.0000106794    0.0000035196
   0.0005686604    0.0000953294   -0.0007937804
  -0.0000040696    0.0000123094   -0.0000078404
  -0.0000299596   -0.0000174806    0.0000300596
   0.0000859504    0.0000043394    0.0000855196
   0.0001393904    0.0001876094   -0.0003645704
   0.0001761304   -0.0000432706   -0.0000942904
   0.0001124804    0.0000974094    0.0001239196
  -0.0000941396   -0.0000026406   -0.0000981004
  -0.0001065596   -0.0002250306    0.0001662896
  -0.0000946196    0.0000673494    0.0000982696
  -0.0001317196   -0.0000940206    0.0000004496
   0.0001405704    0.0000497794    0.0001086696
   0.0002453604    0.0000037794   -0.0003575804
   0.0000506304    0.0001741194   -0.0001083504
   0.0000465604    0.0000715294    0.0000708196
  -0.0001466696   -0.0000672006   -0.0000142204
  -0.0002498196    0.0000204794    0.0001518096
   0.0000109604   -0.0001155206    0.0000836196
  -0.0000494796   -0.0000802906   -0.0001127904
   0.0009639304    0.0000220494   -0.0005778604
   0.0000103804   -0.0000183206    0.0000635596
   0.0000333504    0.0000622794    0.0000841596
   0.0000023804   -0.0000595406   -0.0000292304
   0.0000026704   -0.0000883506    0.0002951296
  -0.0000800696    0.0000746594   -0.0001573004
  -0.0000442996   -0.0000967406   -0.0000744904
  -0.0000346596    0.0000068794    0.0000781396
  -0.0000746396    0.0000452594    0.0002793996
  -0.0001062196    0.0000099794   -0.0000894804
   0.0000226304   -0.0001075406   -0.0001719404
  -0.0000118996   -0.0000334506    0.0000634696
   0.0005366904    0.0009094694   -0.0006315804
   0.0000711804   -0.0000022006    0.0000698496
  -0.0000102696    0.0000184594    0.0000486896
  -0.0000497296    0.0000309494   -0.0000447204

49   
  0.0092789469068412  -0.0053572024944643   0.0168879106384812
  -0.0000340901    0.0000847296   -0.0001156302
   0.0001369299   -0.0000901204    0.0003980598
  -0.0000680501    0.0001621096    0.0000051098
   0.0000912599   -0.0001165304   -0.0001342902
  -0.0001437401   -0.0000417004    0.0000645598
   0.0000833599    0.0000444296   -0.0001128702
  -0.0000085701    0.0000041396   -0.0000215302
   0.0000091499   -0.0000294704    0.0000451998
   0.0000068699   -0.0001753504   -0.0002065603
  -0.0000373201    0.0002204996    0.0000919498
   0.0002922199   -0.0002327004    0.0002043597
  -0.0000210401   -0.0000109304   -0.0000606302
   0.0000575699    0.0000493296    0.0000444898
   0.0000148299   -0.0000144104   -0.0000404802
   0.0000474199    0.0000208396   -0.0000888402
  -0.0001384301   -0.0000654204    0.0000586398
   0.0000308699   -0.0000132604   -0.0000728502
  -0.0000353501    0.0000188596    0.0001165598
   0.0000282899    0.0000862596    0.0000526797
  -0.0000549501   -0.0000953904   -0.0000732902
   0.0003131899   -0.0001060804    0.0003271097
  -0.0000358201    0.0000485096   -0.0002084803
   0.0000051999   -0.0000096904   -0.0000106602
  -0.0000360801    0.0000369196    0.0000432498
   0.0000047299    0.0000074296   -0.0000302202
   0.0000236399    0.0000017896    0.0000402598
   0.0001871099   -0.0001581004    0.0003525098
  -0.0001423601    0.0000470296   -0.0001967103
   0.0000650899   -0.0001200904    0.0001110398
  -0.0000531301    0.0000725096   -0.0000698602
   0.0000744099   -0.0000329304   -0.0000753702
  -0.0001214801    0.0000296796   -0.0000192902
  -0.0000879101    0.0001278896   -0.0002262203
   0.0008181299   -0.0000103904    0.0006685497
   0.0000047899    0.0000129396    0.0000286198
  -0.0000077701   -0.0000209904   -0.0000411402
  -0.0000368901   -0.0000826404    0.0001385797
   0.0000000399    0.0000203096   -0.0000497202
  -0.0000483401   -0.0000492904   -0.0000769302
   0.0000124699    0.0000798796    0.0000375998
   0.0001631799   -0.0000068704   -0.0001448903
  -0.0001606101    0.0000377696    0.0000669198
   0.0000303399   -0.0001434304    0.0000890798
  -0.0000128301    0.0000450996   -0.0000679102
   0.0000643999   -0.0004348504    0.0004819098
  -0.0000732901    0.0000520496   -0.0001403403
   0.0000202699   -0.0000180504   -0.0000390602
  -0.0000301501    0.0000486096    0.0000734898
  -0.0023961901    0.0013959296   -0.0037781902
   0.0001197199   -0.0000618304    0.0002514698
  -0.0000792401    0.0001320496    0.0001218198
   0.0000796999   -0.0001413904   -0.0001246403
  -0.0000714801   -0.0000522204    0.0001569198
   0.0001596199    0.0000194796   -0.0001206802
  -0.0000239701   -0.0000025204   -0.0001223002
   0.0000329499   -0.0000190504    0.0000939898
  -0.0003661701    0.0002091396    0.0014813497
   0.0005802299   -0.0006950104    0.0004738298
  -0.0001179801    0.0001161996   -0.0000378602
   0.0000499899   -0.0000303804    0.0000412798
  -0.0004723001    0.0000702496    0.0001404997
   0.0000839099   -0.0000181904    0.0000265298
  -0.0000419001    0.0000149796    0.0000051998
   0.0000664699   -0.0000155804    0.0000072098
   0.0000224499   -0.0000475104    0.0000381797
  -0.0001396201    0.0000355196    0.0000034798
   0.0000444799   -0.0004016504    0.0002489598
   0.0002994499    0.0004072396    0.0003641798
   0.0003599799    0.0004944696    0.0003116197
   0.0000017599   -0.0003402104    0.0002431697
  -0.0000390401    0.0000611196   -0.0000431202
   0.0000226299   -0.0000479704    0.0000379198
   0.0000286099   -0.0000163204   -0.0001315503
  -0.0000569301    0.0000259096    0.0001081598
   0.0000483099   -0.0000136304    0.0001395898
  -0.0001524101    0.0003779396   -0.0007096602
   0.0000498299   -0.0000361304    0.0001402897
  -0.0000072301   -0.0000896704   -0.0005021503
   0.0007764099   -0.0006463104   -0.0003386702
  -0.0000595901    0.0000344296    0.0002564298

49   
 -0.0092789469068412   0.0053572024944643  -0.0168879106384812
   0.0000398100   -0.0000946204    0.0001157205
  -0.0001330100    0.0000808496   -0.0003983595
   0.0000730000   -0.0001702704   -0.0000044095
  -0.0000860200    0.0001083296    0.0001348605
   0.0001483700    0.0000318496   -0.0000642795
  -0.0000774400   -0.0000536304    0.0001117405
   0.0000148200   -0.0000134804    0.0000211305
  -0.0000036900    0.0000198296   -0.0000448495
   0.0000041000    0.0001734596    0.0002047205
   0.0000478000   -0.0002220804   -0.0000921195
  -0.0002876800    0.0002383196   -0.0002046295
   0.0000318500    0.0000112496    0.0000609205
  -0.0000460400   -0.0000490504   -0.0000441195
  -0.0000040100    0.0000143296    0.0000406405
  -0.0000361800   -0.0000208404    0.0000889605
   0.0001494400    0.0000653996   -0.0000583195
  -0.0000414900    0.0000130896    0.0000723905
   0.0000247200   -0.0000189404   -0.0001168895
  -0.0000392300   -0.0000858004   -0.0000522495
   0.0000436600    0.0000952296    0.0000731505
  -0.0002674300    0.0001085796   -0.0002789695
   0.0000245800   -0.0000498404    0.0002100105
  -0.0000163300    0.0000086796    0.0000092205
   0.0000245300   -0.0000361804   -0.0000427895
   0.0000005400    0.0000018096    0.0000297405
  -0.0000183400    0.0000080496   -0.0000401595
  -0.0001918700    0.0001501396   -0.0003355995
   0.0001478100   -0.0000367904    0.0001962105
  -0.0000591900    0.0001287196   -0.0001102995
   0.0000581600   -0.0000625804    0.0000695805
  -0.0000695100    0.0000428296    0.0000749405
   0.0001264100   -0.0000200704    0.0000192505
   0.0000822400   -0.0001360804    0.0002243005
  -0.0009152700   -0.0000097904   -0.0007081695
  -0.0000100700   -0.0000231904   -0.0000281595
   0.0000020000    0.0000115896    0.0000414505
   0.0000319600    0.0000730496   -0.0001368895
  -0.0000058400   -0.0000297404    0.0000497905
   0.0000426800    0.0000395196    0.0000770105
  -0.0000181700   -0.0000885804   -0.0000375495
  -0.0001672000    0.0000160296    0.0001440605
   0.0001556000   -0.0000283104   -0.0000667495
  -0.0000367700    0.0001539296   -0.0000885495
   0.0000072200   -0.0000351204    0.0000679105
  -0.0000577200    0.0004631596   -0.0004887095
   0.0000676600   -0.0000426304    0.0001405305
  -0.0000259600    0.0000278096    0.0000392405
   0.0000252300   -0.0000394504   -0.0000728295
   0.0024475200   -0.0013991504    0.0037473405
  -0.0001193300    0.0000616696   -0.0002362995
   0.0000789500   -0.0001314204   -0.0001062095
  -0.0000800000    0.0001417696    0.0001388405
   0.0000709600    0.0000519196   -0.0001411895
  -0.0001598000   -0.0000197804    0.0001347205
   0.0000236900    0.0000025296    0.0001360405
  -0.0000330000    0.0000189996   -0.0000787695
   0.0003573400   -0.0002045004   -0.0014737095
  -0.0005871800    0.0006991496   -0.0004915295
   0.0001207400   -0.0001128404    0.0000263405
  -0.0000497100    0.0000298196   -0.0000557895
   0.0004689500   -0.0000703204   -0.0001529895
  -0.0000837000    0.0000183996   -0.0000406995
   0.0000418800   -0.0000150004   -0.0000196395
  -0.0000664900    0.0000154196   -0.0000214395
  -0.0000229000    0.0000478296   -0.0000230095
   0.0001406500   -0.0000352604    0.0000104605
  -0.0000460000    0.0003986096   -0.0002329395
  -0.0003021400   -0.0004087504   -0.0003496595
  -0.0003566800   -0.0004913404   -0.0002943095
   0.0000008200    0.0003416096   -0.0002274195
   0.0000364500   -0.0000609104    0.0000601005
  -0.0000225600    0.0000476696   -0.0000232495
  -0.0000287200    0.0000166296    0.0001163805
   0.0000564200   -0.0000258804   -0.0001220495
  -0.0000489600    0.0000129896   -0.0001532395
   0.0001552700   -0.0003768704    0.0006943505
  -0.0000495000    0.0000369396   -0.0001540395
   0.0000079800    0.0000841496    0.0004861605
  -0.0007713400    0.0006420196    0.0003180205
   0.0000606600   -0.0000348604   -0.0002724095
