!    ibrav = 0, nat = 80, ntyp = 3
CELL_PARAMETERS bohr
    9.7023459634245164   -5.6016520537574683   17.6585072917203547
    0.0000000000000000   11.2033041075073765   17.6585072917203547
   -9.7023459634245164   -5.6016520537574683   17.6585072917203547
ATOMIC_SPECIES
  O   15.99900   O.pbe-n-kjpaw_psl.1.0.0.UPF
 Fe1   55.84500   Fe.pbe-spn-kjpaw_psl.1.0.0.UPF
 Fe2   55.84500   Fe.pbe-spn-kjpaw_psl.1.0.0.UPF
ATOMIC_POSITIONS crystal
  O   0.4737163388000000  0.2762836612000000  0.1250000000000000
  O   0.9737163388000001  0.2762836612000000  0.1250000000000000
  O   0.4737163388000000  0.7762836611999999  0.1250000000000000
  O   0.9737163388000001  0.7762836611999999  0.1250000000000000
  O   0.4737163388000000  0.2762836612000000  0.6250000000000000
  O   0.9737163388000001  0.2762836612000000  0.6250000000000000
  O   0.4737163388000000  0.7762836611999999  0.6250000000000000
  O   0.9737163388000001  0.7762836611999999  0.6250000000000000
  O   0.2237163383500000  0.3750000000000000  0.0262836616500000
  O   0.7237163383500000  0.3750000000000000  0.0262836616500000
  O   0.2237163383500000  0.8750000000000000  0.0262836616500000
  O   0.7237163383500000  0.8750000000000000  0.0262836616500000
  O   0.2237163383500000  0.3750000000000000  0.5262836616500000
  O   0.7237163383500000  0.3750000000000000  0.5262836616500000
  O   0.2237163383500000  0.8750000000000000  0.5262836616500000
  O   0.7237163383500000  0.8750000000000000  0.5262836616500000
  O   0.2762836612000000  0.1250000000000000  0.4737163388000000
  O   0.7762836611999999  0.1250000000000000  0.4737163388000000
  O   0.2762836612000000  0.6250000000000000  0.4737163388000000
  O   0.7762836611999999  0.6250000000000000  0.4737163388000000
  O   0.2762836612000000  0.1250000000000000  0.9737163388000001
  O   0.7762836611999999  0.1250000000000000  0.9737163388000001
  O   0.2762836612000000  0.6250000000000000  0.9737163388000001
  O   0.7762836611999999  0.6250000000000000  0.9737163388000001
  O   0.1250000000000000  0.4737163388000000  0.2762836612000000
  O   0.6250000000000000  0.4737163388000000  0.2762836612000000
  O   0.1250000000000000  0.9737163388000001  0.2762836612000000
  O   0.6250000000000000  0.9737163388000001  0.2762836612000000
  O   0.1250000000000000  0.4737163388000000  0.7762836611999999
  O   0.6250000000000000  0.4737163388000000  0.7762836611999999
  O   0.1250000000000000  0.9737163388000001  0.7762836611999999
  O   0.6250000000000000  0.9737163388000001  0.7762836611999999
  O   0.3750000000000000  0.0262836616500000  0.2237163383500000
  O   0.8750000000000000  0.0262836616500000  0.2237163383500000
  O   0.3750000000000000  0.5262836616500000  0.2237163383500000
  O   0.8750000000000000  0.5262836616500000  0.2237163383500000
  O   0.3750000000000000  0.0262836616500000  0.7237163383500000
  O   0.8750000000000000  0.0262836616500000  0.7237163383500000
  O   0.3750000000000000  0.5262836616500000  0.7237163383500000
  O   0.8750000000000000  0.5262836616500000  0.7237163383500000
  O   0.0262836616500000  0.2237163383500000  0.3750000000000000
  O   0.5262836616500000  0.2237163383500000  0.3750000000000000
  O   0.0262836616500000  0.7237163383500000  0.3750000000000000
  O   0.5262836616500000  0.7237163383500000  0.3750000000000000
  O   0.0262836616500000  0.2237163383500000  0.8750000000000000
  O   0.5262836616500000  0.2237163383500000  0.8750000000000000
  O   0.0262836616500000  0.7237163383500000  0.8750000000000000
  O   0.5262836616500000  0.7237163383500000  0.8750000000000000
 Fe1   0.0732571530000000  0.0732571530000000  0.0732571530000000
 Fe1   0.5732571530000000  0.0732571530000000  0.0732571530000000
 Fe1   0.0732571530000000  0.5732571530000000  0.0732571530000000
 Fe1   0.5732571530000000  0.5732571530000000  0.0732571530000000
 Fe1   0.0732571530000000  0.0732571530000000  0.5732571530000000
 Fe1   0.5732571530000000  0.0732571530000000  0.5732571530000000
 Fe1   0.0732571530000000  0.5732571530000000  0.5732571530000000
 Fe1   0.5732571530000000  0.5732571530000000  0.5732571530000000
 Fe1   0.1767428470000000  0.1767428470000000  0.1767428470000000
 Fe1   0.6767428470000000  0.1767428470000000  0.1767428470000000
 Fe1   0.1767428470000000  0.6767428470000000  0.1767428470000000
 Fe1   0.6767428470000000  0.6767428470000000  0.1767428470000000
 Fe1   0.1767428470000000  0.1767428470000000  0.6767428470000000
 Fe1   0.6767428470000000  0.1767428470000000  0.6767428470000000
 Fe1   0.1767428470000000  0.6767428470000000  0.6767428470000000
 Fe1   0.6767428470000000  0.6767428470000000  0.6767428470000000
 Fe2   0.3232571501500000  0.3232571501500000  0.3232571501500000
 Fe2   0.8232571501500000  0.3232571501500000  0.3232571501500000
 Fe2   0.3232571501500000  0.8232571501500000  0.3232571501500000
 Fe2   0.8232571501500000  0.8232571501500000  0.3232571501500000
 Fe2   0.3232571501500000  0.3232571501500000  0.8232571501500000
 Fe2   0.8232571501500000  0.3232571501500000  0.8232571501500000
 Fe2   0.3232571501500000  0.8232571501500000  0.8232571501500000
 Fe2   0.8232571501500000  0.8232571501500000  0.8232571501500000
 Fe2   0.4267428498500000  0.4267428498500000  0.4267428498500000
 Fe2   0.9267428498500000  0.4267428498500000  0.4267428498500000
 Fe2   0.4267428498500000  0.9267428498500000  0.4267428498500000
 Fe2   0.9267428498500000  0.9267428498500000  0.4267428498500000
 Fe2   0.4267428498500000  0.4267428498500000  0.9267428498500000
 Fe2   0.9267428498500000  0.4267428498500000  0.9267428498500000
 Fe2   0.4267428498500000  0.9267428498500000  0.9267428498500000
 Fe2   0.9267428498500000  0.9267428498500000  0.9267428498500000