80   
6    

1    
  0.0092789469068416  -0.0053572024944635   0.0168879106384813
  -0.0010578503    0.0023797103   -0.0030991898
   0.0000170098   -0.0000315498    0.0000737303
  -0.0000209503    0.0000242102    0.0000383802
   0.0000417497   -0.0000644598   -0.0000353298
  -0.0000788103   -0.0000326498    0.0001025103
   0.0000464397    0.0000178202   -0.0000287397
  -0.0000122702   -0.0000054098   -0.0000138498
  -0.0000133302   -0.0000257998    0.0000275603
   0.0001660697   -0.0002956898    0.0004696202
   0.0004291598    0.0001860902    0.0004896603
   0.0000146897   -0.0000220598   -0.0000162997
  -0.0000431203    0.0000867402    0.0000417202
   0.0000102597    0.0000037002   -0.0000140398
  -0.0000128903   -0.0000130098    0.0000017702
   0.0000089997    0.0000007302   -0.0000097698
  -0.0000209903   -0.0000329398   -0.0000040798
   0.0001036697    0.0000853302   -0.0000527398
  -0.0000131403    0.0000063602    0.0000614203
  -0.0000176203    0.0000359902    0.0000465802
  -0.0000049503   -0.0000428798   -0.0000294498
   0.0000082997    0.0000205602    0.0000598702
   0.0005385898   -0.0002980498   -0.0002600898
   0.0000406897   -0.0002170298   -0.0001142497
   0.0000048297    0.0000459402    0.0000643702
   0.0001827997   -0.0001315198   -0.0000524598
   0.0000081497   -0.0000005898    0.0000493902
   0.0000489997   -0.0000133098    0.0000750903
  -0.0001026003   -0.0003630398   -0.0002296798
   0.0000551397   -0.0000360398    0.0000677502
  -0.0000597403    0.0000795202   -0.0001190897
   0.0000367597   -0.0000129998   -0.0000048398
  -0.0000106303    0.0000003102    0.0000467502
   0.0001665498    0.0002742503    0.0002998602
   0.0001522698   -0.0002339398    0.0001286302
  -0.0001178603    0.0001425402    0.0001016503
   0.0000346497   -0.0000150398    0.0000225103
  -0.0000291703   -0.0000098998   -0.0000110398
   0.0000022197    0.0000182102   -0.0000266498
  -0.0000307103   -0.0000674698    0.0000805603
   0.0000390497    0.0000320302   -0.0000022798
   0.0000422197    0.0000027302    0.0000066202
  -0.0004512602   -0.0002118198    0.0004966802
   0.0000117397   -0.0000437898   -0.0000051398
  -0.0000141903    0.0000099802   -0.0000133798
   0.0000453397   -0.0000159398    0.0000028502
  -0.0003643602   -0.0000009498    0.0003612202
   0.0000038197   -0.0000497398   -0.0000011998
   0.0000021897    0.0000326002   -0.0000124398
  -0.0001324602    0.0000100702   -0.0000990497
   0.0001951497   -0.0001395998    0.0003438402
  -0.0001145503    0.0001753202    0.0000239803
   0.0000487597   -0.0001526598   -0.0001259497
  -0.0000430103   -0.0000127798    0.0000145302
   0.0000847197    0.0001281602   -0.0000939497
  -0.0000036803    0.0000130902   -0.0000225897
   0.0000552497    0.0000249102    0.0000338002
  -0.0001341603   -0.0000342498   -0.0001925997
   0.0003387098   -0.0003024798    0.0006450502
  -0.0000180003    0.0000068402    0.0001126003
  -0.0000180803   -0.0000225198   -0.0000508698
  -0.0000254603    0.0000001002    0.0000291103
   0.0001237298   -0.0000159098   -0.0000760397
  -0.0000060303    0.0000529002   -0.0000506598
   0.0000120597    0.0000032302    0.0000382702
   0.0002266898   -0.0001073698    0.0001901203
  -0.0000125303    0.0000136102   -0.0000660397
  -0.0000379503   -0.0000644598   -0.0000750397
  -0.0000011703    0.0001084502    0.0000386402
   0.0000688197    0.0000401902   -0.0001848097
  -0.0001773303   -0.0001084598    0.0000636402
   0.0000362997    0.0000559302    0.0000575802
   0.0000075797   -0.0000096198   -0.0000388398
   0.0000918197   -0.0000615898   -0.0001228797
  -0.0000705003   -0.0000052998    0.0000025702
   0.0000628497   -0.0000865798    0.0001013302
   0.0000163498    0.0000607602   -0.0000802197
  -0.0001927203   -0.0008519998    0.0005828803
  -0.0001367002    0.0000029202   -0.0001277197
   0.0000137097   -0.0000175298   -0.0000350798
  -0.0000440703    0.0000988802    0.0001036602

1    
 -0.0092789469068416   0.0053572024944635  -0.0168879106384813
   0.0009877196   -0.0023315199    0.0030458698
  -0.0000172904    0.0000311101   -0.0000737402
   0.0000211096   -0.0000242899   -0.0000387003
  -0.0000427304    0.0000656101    0.0000372297
   0.0000788896    0.0000325701   -0.0001023203
  -0.0000461904   -0.0000180399    0.0000288197
   0.0000123496    0.0000055101    0.0000138997
   0.0000131896    0.0000260001   -0.0000280303
  -0.0001672404    0.0002996301   -0.0004781203
  -0.0004211504   -0.0001826499   -0.0004803003
  -0.0000145104    0.0000219701    0.0000162897
   0.0000421496   -0.0000848499   -0.0000416903
  -0.0000093104   -0.0000035799    0.0000126797
   0.0000122596    0.0000129401   -0.0000017703
  -0.0000092104   -0.0000005199    0.0000099497
   0.0000211996    0.0000327901    0.0000039897
  -0.0001014104   -0.0000840799    0.0000539697
   0.0000129096   -0.0000064499   -0.0000614402
   0.0000176496   -0.0000361199   -0.0000473303
   0.0000047496    0.0000430601    0.0000295397
  -0.0000078904   -0.0000208999   -0.0000601803
  -0.0005348104    0.0002962501    0.0002562097
  -0.0000393704    0.0002155901    0.0001160297
  -0.0000050804   -0.0000450699   -0.0000641303
  -0.0001836904    0.0001297601    0.0000558697
  -0.0000084504    0.0000007801   -0.0000497703
  -0.0000488904    0.0000131101   -0.0000751302
   0.0001008596    0.0003643101    0.0002265998
  -0.0000540604    0.0000366101   -0.0000686003
   0.0000584496   -0.0000804899    0.0001187197
  -0.0000363104    0.0000132501    0.0000050897
   0.0000106296   -0.0000005799   -0.0000463903
  -0.0001674204   -0.0002778799   -0.0003024303
  -0.0001513904    0.0002328801   -0.0001277703
   0.0001172996   -0.0001427499   -0.0001030203
  -0.0000358904    0.0000152901   -0.0000230903
   0.0000289696    0.0000101401    0.0000107297
  -0.0000023304   -0.0000177599    0.0000262297
   0.0000311396    0.0000674501   -0.0000804603
  -0.0000381004   -0.0000315599    0.0000023797
  -0.0000425704   -0.0000033199   -0.0000066503
   0.0004452796    0.0002098501   -0.0004919103
  -0.0000119404    0.0000433801    0.0000053297
   0.0000142296   -0.0000103799    0.0000135397
  -0.0000445604    0.0000156101   -0.0000034203
   0.0003659096   -0.0000003699   -0.0003604803
  -0.0000032204    0.0000512801    0.0000004897
  -0.0000023904   -0.0000326699    0.0000126297
   0.0001319396   -0.0000105699    0.0000995897
  -0.0001901804    0.0001357301   -0.0003421603
   0.0001135996   -0.0001779899   -0.0000231903
  -0.0000473404    0.0001521201    0.0001268097
   0.0000421296    0.0000129001   -0.0000137303
  -0.0000845404   -0.0001283199    0.0000952598
   0.0000031896   -0.0000124599    0.0000234097
  -0.0000550704   -0.0000249399   -0.0000320703
   0.0001341696    0.0000340901    0.0001906798
  -0.0003084904    0.0002412001   -0.0005868603
   0.0000173996   -0.0000058399   -0.0001117702
   0.0000175896    0.0000230501    0.0000480897
   0.0000249796   -0.0000006999   -0.0000296203
  -0.0001234504    0.0000153701    0.0000737697
   0.0000061796   -0.0000518099    0.0000482397
  -0.0000116704   -0.0000028799   -0.0000383903
  -0.0002130304    0.0001042501   -0.0001894303
   0.0000118096   -0.0000139999    0.0000653998
   0.0000384896    0.0000647701    0.0000749997
   0.0000012796   -0.0001081999   -0.0000366003
  -0.0000695404   -0.0000403599    0.0001851697
   0.0001771496    0.0001084001   -0.0000614803
  -0.0000361404   -0.0000553099   -0.0000551803
  -0.0000076504    0.0000113901    0.0000385797
  -0.0000910504    0.0000607601    0.0001215097
   0.0000690496    0.0000046201   -0.0000028603
  -0.0000616504    0.0000855101   -0.0001023502
  -0.0000166204   -0.0000605699    0.0000787097
   0.0002119496    0.0008708401   -0.0005851902
   0.0001353996   -0.0000024699    0.0001253498
  -0.0000130904    0.0000173201    0.0000339697
   0.0000436796   -0.0000968099   -0.0001038603

1    
 -0.0092789469068416  -0.0053572024944635   0.0168879106384813
   0.0038432096    0.0021730496   -0.0046576098
   0.0000265896   -0.0000181304    0.0000534303
  -0.0000026104    0.0000323096    0.0000537803
   0.0000526396    0.0000308096   -0.0000572497
  -0.0001356504   -0.0000778004    0.0002056403
  -0.0000588104    0.0000232996   -0.0000199697
  -0.0000092204   -0.0000622404   -0.0000201197
  -0.0000338104   -0.0000195004    0.0000553703
   0.0002683396   -0.0002281604    0.0003795203
   0.0002645896    0.0001020896    0.0001693603
   0.0000155396    0.0000095896   -0.0000121897
  -0.0000876404    0.0001698496    0.0000908403
  -0.0001722404    0.0000076796    0.0001931303
  -0.0000695104   -0.0000146504    0.0000035703
   0.0000058996   -0.0000389304   -0.0000404197
  -0.0000164904   -0.0000681904   -0.0000221097
  -0.0003103604   -0.0002702904   -0.0001679097
  -0.0000114904   -0.0000095204    0.0000963303
  -0.0000362604    0.0000548596    0.0001068603
  -0.0000690304   -0.0000376604   -0.0000305297
   0.0000172996    0.0000388296    0.0000756603
  -0.0002553904    0.0002446696   -0.0002287997
   0.0001612996   -0.0002633504   -0.0001707197
   0.0000227496    0.0000393196    0.0000654303
  -0.0001457904    0.0002707196   -0.0001718597
   0.0000425596   -0.0000045004    0.0000758703
   0.0000454496   -0.0000002604    0.0000655103
   0.0000854796   -0.0003386504   -0.0002312997
   0.0000289496   -0.0000585804    0.0001063903
  -0.0003877704   -0.0001337704   -0.0001657897
  -0.0000676904   -0.0000411404   -0.0000305997
  -0.0000142804   -0.0000061404    0.0000964803
   0.0002212396    0.0001788396    0.0001721403
   0.0001024696   -0.0001600004    0.0000906303
  -0.0000634904    0.0003503196    0.0003822803
   0.0000161196    0.0000089296   -0.0000121597
  -0.0000479604   -0.0000527404    0.0000031303
  -0.0000673504    0.0000192996   -0.0000215497
  -0.0000795704   -0.0001532304    0.0001933503
  -0.0000307004    0.0000244096   -0.0000403597
   0.0000353996    0.0000137096   -0.0000325497
  -0.0003984804   -0.0004913104    0.0008772702
  -0.0000055304    0.0000074796    0.0000076003
  -0.0000190704   -0.0000193004   -0.0000043797
  -0.0000264204   -0.0000069404   -0.0000044497
  -0.0006146704   -0.0000992004    0.0008634802
   0.0000035596   -0.0000085004    0.0000079103
   0.0000295396    0.0000234296   -0.0000327197
  -0.0000896204   -0.0000039704   -0.0000812997
  -0.0001882604   -0.0000407804    0.0004908303
  -0.0001888404    0.0000446996    0.0001042303
  -0.0001183204   -0.0001042304   -0.0001197497
   0.0001008796    0.0000045196    0.0001123303
   0.0001136796    0.0002410796   -0.0001694697
   0.0000992396   -0.0000683704   -0.0000938197
   0.0001376196    0.0001009196    0.0000052703
  -0.0001493404   -0.0000491304   -0.0001217197
  -0.0001124404   -0.0001684204    0.0005124702
  -0.0000534604   -0.0001864204    0.0001040703
  -0.0000488804   -0.0000766104   -0.0000826797
   0.0001569096    0.0000689396    0.0000035403
   0.0002631596   -0.0000213404   -0.0001702697
  -0.0000091904    0.0001196996   -0.0000951897
   0.0000533896    0.0000844896    0.0001102803
  -0.0016066704    0.0000691896    0.0008266802
  -0.0000116004    0.0000193896   -0.0000592397
  -0.0000356204   -0.0000658704   -0.0000790297
  -0.0000029004    0.0000588996    0.0000407203
  -0.0000011304    0.0000954196   -0.0003055697
   0.0000883196   -0.0000811304    0.0001760503
   0.0000486196    0.0001064696    0.0000886203
   0.0000358796   -0.0000092604   -0.0000733797
   0.0000826596   -0.0000493504   -0.0003080597
   0.0001164196   -0.0000117304    0.0000872403
  -0.0000284804    0.0001162496    0.0001749503
   0.0000099696    0.0000355996   -0.0000736197
  -0.0007006804   -0.0013205004    0.0007810202
  -0.0000738604    0.0000020596   -0.0000796197
   0.0000109296   -0.0000193904   -0.0000600097
   0.0000499896   -0.0000319204    0.0000388003

1    
  0.0092789469068416   0.0053572024944635  -0.0168879106384813
  -0.0038034299   -0.0022418700    0.0046575699
  -0.0000264799    0.0000183400   -0.0000538101
   0.0000025801   -0.0000321800   -0.0000535201
  -0.0000529899   -0.0000302000    0.0000572999
   0.0001353001    0.0000784300   -0.0002055901
   0.0000585101   -0.0000233000    0.0000201899
   0.0000092801    0.0000624300    0.0000199699
   0.0000339501    0.0000194600   -0.0000553701
  -0.0002715199    0.0002301100   -0.0003823501
  -0.0002654899   -0.0001021200   -0.0001721301
  -0.0000158199   -0.0000094300    0.0000121099
   0.0000874001   -0.0001687000   -0.0000905701
   0.0001724801   -0.0000076200   -0.0001933901
   0.0000697301    0.0000152000   -0.0000031501
  -0.0000057599    0.0000387700    0.0000403199
   0.0000170001    0.0000680600    0.0000215399
   0.0003095501    0.0002690200    0.0001657799
   0.0000123401    0.0000092600   -0.0000965101
   0.0000361501   -0.0000543500   -0.0001064101
   0.0000693901    0.0000381500    0.0000305799
  -0.0000174999   -0.0000390600   -0.0000758401
   0.0002504101   -0.0002432700    0.0002313399
  -0.0001616199    0.0002616700    0.0001718999
  -0.0000226599   -0.0000395500   -0.0000655401
   0.0001475101   -0.0002712600    0.0001708699
  -0.0000421699    0.0000046500   -0.0000756701
  -0.0000453599    0.0000001500   -0.0000654301
  -0.0000840199    0.0003436100    0.0002287999
  -0.0000292799    0.0000590100   -0.0001068401
   0.0003894101    0.0001337900    0.0001678999
   0.0000672501    0.0000410800    0.0000305499
   0.0000140701    0.0000054500   -0.0000964101
  -0.0002206899   -0.0001780600   -0.0001693701
  -0.0001031999    0.0001608300   -0.0000909001
   0.0000635001   -0.0003464100   -0.0003795101
  -0.0000161399   -0.0000086800    0.0000121799
   0.0000475101    0.0000529000   -0.0000035801
   0.0000673101   -0.0000198000    0.0000221099
   0.0000794701    0.0001530300   -0.0001931601
   0.0000308301   -0.0000245500    0.0000403799
  -0.0000349899   -0.0000138200    0.0000326799
   0.0003932901    0.0004827000   -0.0008634701
   0.0000056201   -0.0000073500   -0.0000079701
   0.0000192501    0.0000194300    0.0000044499
   0.0000262901    0.0000068700    0.0000043199
   0.0006247101    0.0000995400   -0.0008772701
  -0.0000036399    0.0000086400   -0.0000076001
  -0.0000295999   -0.0000237800    0.0000325499
   0.0000905101    0.0000040300    0.0000828399
   0.0002017901    0.0000128400   -0.0005123001
   0.0001870401   -0.0000474200   -0.0001031501
   0.0001173001    0.0001046900    0.0001220599
  -0.0000999499   -0.0000043300   -0.0001104501
  -0.0001128499   -0.0002379200    0.0001702899
  -0.0000988699    0.0000682400    0.0000951199
  -0.0001377099   -0.0001013000   -0.0000037801
   0.0001494601    0.0000503800    0.0001201399
   0.0001291401    0.0001421800   -0.0004907301
   0.0000544201    0.0001860400   -0.0001046401
   0.0000482401    0.0000753900    0.0000815099
  -0.0001558899   -0.0000686000   -0.0000055701
  -0.0002646199    0.0000218600    0.0001696799
   0.0000098801   -0.0001199200    0.0000939899
  -0.0000542099   -0.0000848500   -0.0001125901
   0.0014935301   -0.0000534300   -0.0007819401
   0.0000110401   -0.0000194800    0.0000608299
   0.0000351801    0.0000648900    0.0000800099
   0.0000029801   -0.0000598600   -0.0000395401
   0.0000014101   -0.0000959000    0.0003084899
  -0.0000864599    0.0000826300   -0.0001752601
  -0.0000478799   -0.0001066400   -0.0000882001
  -0.0000356099    0.0000087500    0.0000741099
  -0.0000814899    0.0000480000    0.0003063299
  -0.0001162999    0.0000117200   -0.0000892501
   0.0000260301   -0.0001170900   -0.0001762401
  -0.0000103199   -0.0000354300    0.0000732899
   0.0007432401    0.0014259000   -0.0008273001
   0.0000745601   -0.0000020000    0.0000794599
  -0.0000114899    0.0000196400    0.0000598099
  -0.0000498399    0.0000317700   -0.0000410401

49   
  0.0092789469068416  -0.0053572024944635   0.0168879106384813
  -0.0000410798    0.0000930600   -0.0001233800
   0.0000809402   -0.0000046000    0.0004452800
  -0.0000737898    0.0001810000    0.0000030000
   0.0000912902   -0.0001167100   -0.0001396100
  -0.0001557497   -0.0000415200    0.0000670200
   0.0000866802    0.0000535900   -0.0001199700
  -0.0000099398    0.0000079300   -0.0000216600
   0.0000070102   -0.0000232800    0.0000445700
   0.0000011402   -0.0001869600   -0.0002208900
  -0.0000443298    0.0002365000    0.0000986000
   0.0002740302   -0.0002670200    0.0001054100
  -0.0000288098   -0.0000110900   -0.0000650700
   0.0000540702    0.0000540600    0.0000467000
   0.0000083902   -0.0000150600   -0.0000414900
   0.0000445102    0.0000235300   -0.0000930500
  -0.0001492798   -0.0000684000    0.0000630200
   0.0000371002   -0.0000123600   -0.0000772100
  -0.0000308098    0.0000158600    0.0001230000
   0.0000346102    0.0000936200    0.0000549200
  -0.0000499098   -0.0000998800   -0.0000745400
   0.0006029403   -0.0000853900    0.0005692400
  -0.0000290098    0.0000537400   -0.0002211800
   0.0000100102   -0.0000111200   -0.0000123700
  -0.0000306698    0.0000385100    0.0000446700
   0.0000016102    0.0000022000   -0.0000320800
   0.0000216602   -0.0000010000    0.0000425700
   0.0000774602   -0.0003150400    0.0004831900
  -0.0001545897    0.0000437000   -0.0002095800
   0.0000657302   -0.0001325700    0.0001154800
  -0.0000584498    0.0000734600   -0.0000723700
   0.0000761602   -0.0000415200   -0.0000789400
  -0.0001337097    0.0000263800   -0.0000218300
  -0.0000916298    0.0001404000   -0.0002434000
   0.0013390803    0.0000978900    0.0008798800
   0.0000078902    0.0000206200    0.0000303000
  -0.0000044598   -0.0000169700   -0.0000419900
  -0.0000368198   -0.0000828300    0.0001483300
   0.0000033202    0.0000262600   -0.0000534400
  -0.0000458498   -0.0000449600   -0.0000795600
   0.0000165102    0.0000882500    0.0000412000
   0.0001769703   -0.0000109000   -0.0001537700
  -0.0001722098    0.0000328700    0.0000714400
   0.0000364402   -0.0001572000    0.0000937400
  -0.0000100498    0.0000413900   -0.0000715700
  -0.0000788598   -0.0006957400    0.0005681000
  -0.0000744998    0.0000475800   -0.0001466600
   0.0000233002   -0.0000245100   -0.0000420700
  -0.0000263598    0.0000456400    0.0000778600
  -0.0029380898    0.0017124000   -0.0045720400
   0.0001312502   -0.0000642000    0.0002625000
  -0.0000820498    0.0001406300    0.0001218000
   0.0000853002   -0.0001551500   -0.0001412600
  -0.0000775998   -0.0000583400    0.0001610900
   0.0001742302    0.0000268100   -0.0001362600
  -0.0000257398   -0.0000065700   -0.0001353800
   0.0000323502   -0.0000187200    0.0000894200
  -0.0003922598    0.0002281800    0.0016341300
   0.0006454402   -0.0007634000    0.0005246100
  -0.0001229797    0.0001299400   -0.0000392700
   0.0000507802   -0.0000347900    0.0000528500
  -0.0005135098    0.0000693800    0.0001543900
   0.0000877902   -0.0000187300    0.0000376600
  -0.0000422498    0.0000138900    0.0000166100
   0.0000665802   -0.0000176000    0.0000111300
   0.0000249702   -0.0000512000    0.0000347100
  -0.0001461597    0.0000408000   -0.0000119800
   0.0000377002   -0.0004316000    0.0002578000
   0.0003245602    0.0004250800    0.0003702700
   0.0003818002    0.0005116000    0.0003164800
  -0.0000072698   -0.0003702600    0.0002502600
  -0.0000476798    0.0000669200   -0.0000570300
   0.0000254602   -0.0000517100    0.0000341900
   0.0000329102   -0.0000188000   -0.0001312200
  -0.0000594898    0.0000261300    0.0001202200
   0.0000503102   -0.0000156100    0.0001543000
  -0.0001590397    0.0003919400   -0.0007276900
   0.0000540502   -0.0000364600    0.0001546800
  -0.0000250298   -0.0000926500   -0.0005223200
   0.0008494003   -0.0006855900   -0.0003321800
  -0.0000637298    0.0000362700    0.0002876900

49   
 -0.0092789469068416   0.0053572024944635  -0.0168879106384813
   0.0000412096   -0.0000931800    0.0001232803
  -0.0000829104    0.0000048800   -0.0004472298
   0.0000731296   -0.0001792600   -0.0000022898
  -0.0000916104    0.0001181400    0.0001398103
   0.0001543396    0.0000411800   -0.0000666197
  -0.0000862404   -0.0000529700    0.0001186403
   0.0000104696   -0.0000075600    0.0000213402
  -0.0000073704    0.0000233600   -0.0000441898
  -0.0000015104    0.0001852600    0.0002188903
   0.0000434496   -0.0002380700   -0.0000988498
  -0.0002837804    0.0002755500   -0.0001049297
   0.0000286496    0.0000112900    0.0000654202
  -0.0000537204   -0.0000536000   -0.0000462898
  -0.0000087904    0.0000148500    0.0000415302
  -0.0000445604   -0.0000235900    0.0000931203
   0.0001489096    0.0000684200   -0.0000626097
  -0.0000364504    0.0000122900    0.0000767303
   0.0000313296   -0.0000159400   -0.0001233397
  -0.0000343804   -0.0000930500   -0.0000544898
   0.0000500196    0.0000997700    0.0000743603
  -0.0005325104    0.0000892200   -0.0005110198
   0.0000289596   -0.0000553700    0.0002224303
  -0.0000101104    0.0000100200    0.0000105202
   0.0000303996   -0.0000375500   -0.0000440798
  -0.0000018104   -0.0000023300    0.0000312302
  -0.0000218804    0.0000011900   -0.0000424498
  -0.0000916904    0.0002939400   -0.0004645298
   0.0001546396   -0.0000432900    0.0002089802
  -0.0000653604    0.0001313000   -0.0001143698
   0.0000575396   -0.0000731500    0.0000720703
  -0.0000771604    0.0000416300    0.0000781703
   0.0001329396   -0.0000266000    0.0000217502
   0.0000914796   -0.0001387200    0.0002410903
  -0.0014524604   -0.0001127100   -0.0009254897
  -0.0000076804   -0.0000211100   -0.0000299498
   0.0000047196    0.0000173900    0.0000425102
   0.0000375296    0.0000828300   -0.0001464097
  -0.0000037704   -0.0000262000    0.0000535002
   0.0000453896    0.0000447700    0.0000794603
  -0.0000165904   -0.0000871900   -0.0000410498
  -0.0001750704    0.0000106500    0.0001528003
   0.0001727496   -0.0000331300   -0.0000712797
  -0.0000373904    0.0001580700   -0.0000933297
   0.0000101196   -0.0000410300    0.0000714102
   0.0000947196    0.0007169800   -0.0005736398
   0.0000743296   -0.0000477900    0.0001467502
  -0.0000236704    0.0000242400    0.0000424702
   0.0000269196   -0.0000461100   -0.0000770397
   0.0030018796   -0.0017154900    0.0045223803
  -0.0001310404    0.0000636100   -0.0002606698
   0.0000827796   -0.0001388800   -0.0001204097
  -0.0000856604    0.0001553900    0.0001422203
   0.0000773196    0.0000579100   -0.0001586998
  -0.0001744604   -0.0000265200    0.0001363603
   0.0000254096    0.0000064200    0.0001356002
  -0.0000324304    0.0000187400   -0.0000879497
   0.0003826696   -0.0002228300   -0.0016096997
  -0.0006528804    0.0007677800   -0.0005290298
   0.0001260096   -0.0001259600    0.0000415402
  -0.0000506604    0.0000339400   -0.0000533298
   0.0005094996   -0.0000693500   -0.0001530697
  -0.0000875304    0.0000189000   -0.0000380598
   0.0000420996   -0.0000138400   -0.0000174098
  -0.0000667004    0.0000173100   -0.0000123398
  -0.0000257804    0.0000515800   -0.0000336098
   0.0001474296   -0.0000401400    0.0000119602
  -0.0000394504    0.0004280900   -0.0002554298
  -0.0003271804   -0.0004263400   -0.0003699698
  -0.0003776004   -0.0005086900   -0.0003139398
   0.0000099896    0.0003717200   -0.0002484198
   0.0000451196   -0.0000666600    0.0000598102
  -0.0000252904    0.0000508400   -0.0000333897
  -0.0000331404    0.0000193400    0.0001300402
   0.0000593596   -0.0000259600   -0.0001202298
  -0.0000511304    0.0000149000   -0.0001541697
   0.0001628396   -0.0003904100    0.0007259502
  -0.0000538204    0.0000374900   -0.0001547497
   0.0000256796    0.0000861000    0.0005198702
  -0.0008447604    0.0006814400    0.0003254102
   0.0000659696   -0.0000381500   -0.0002893598
