!    ibrav = 0, nat = 80, ntyp = 3
CELL_PARAMETERS bohr
    9.5157159169250303   -5.4939011461710061   17.3188360359854165
    0.0000000000000000   10.9878022923382321   17.3188360359854165
   -9.5157159169250303   -5.4939011461710061   17.3188360359854165
ATOMIC_SPECIES
  O   15.99900   O.pbe-n-kjpaw_psl.1.0.0.UPF
 Fe1   55.84500   Fe.pbe-spn-kjpaw_psl.1.0.0.UPF
 Fe2   55.84500   Fe.pbe-spn-kjpaw_psl.1.0.0.UPF
ATOMIC_POSITIONS crystal
  O   0.4735785574500000  0.2764214425500000  0.1259751181085952
  O   0.9735785574500001  0.2764214425500000  0.1250000000000000
  O   0.4735785574500000  0.7764214425500000  0.1250000000000001
  O   0.9735785574500001  0.7764214425500001  0.1250000000000001
  O   0.4735785574500000  0.2764214425500000  0.6250000000000000
  O   0.9735785574500000  0.2764214425500000  0.6250000000000000
  O   0.4735785574500000  0.7764214425500000  0.6250000000000000
  O   0.9735785574500001  0.7764214425500001  0.6250000000000001
  O   0.2235785621000000  0.3750000000000001  0.0264214379000000
  O   0.7235785621000000  0.3750000000000000  0.0264214379000001
  O   0.2235785621000000  0.8750000000000001  0.0264214379000001
  O   0.7235785621000000  0.8750000000000001  0.0264214379000001
  O   0.2235785621000000  0.3750000000000000  0.5264214379000000
  O   0.7235785621000000  0.3750000000000000  0.5264214379000001
  O   0.2235785621000000  0.8750000000000001  0.5264214379000000
  O   0.7235785620999999  0.8750000000000000  0.5264214379000000
  O   0.2764214425500001  0.1250000000000000  0.4735785574500000
  O   0.7764214425500000  0.1249999999999999  0.4735785574500000
  O   0.2764214425500001  0.6250000000000001  0.4735785574500001
  O   0.7764214425500000  0.6250000000000000  0.4735785574500000
  O   0.2764214425500001  0.1250000000000000  0.9735785574500001
  O   0.7764214425500000  0.1249999999999999  0.9735785574500000
  O   0.2764214425500002  0.6250000000000001  0.9735785574500001
  O   0.7764214425500001  0.6250000000000000  0.9735785574500001
  O   0.1250000000000000  0.4735785574499999  0.2764214425500001
  O   0.6250000000000000  0.4735785574500000  0.2764214425500001
  O   0.1250000000000001  0.9735785574500000  0.2764214425500001
  O   0.6250000000000002  0.9735785574500001  0.2764214425500002
  O   0.1250000000000001  0.4735785574499999  0.7764214425500001
  O   0.6250000000000000  0.4735785574499999  0.7764214425500000
  O   0.1250000000000000  0.9735785574500000  0.7764214425500000
  O   0.6250000000000001  0.9735785574500001  0.7764214425500001
  O   0.3750000000000000  0.0264214379000000  0.2235785621000000
  O   0.8750000000000000  0.0264214379000000  0.2235785621000000
  O   0.3750000000000001  0.5264214379000000  0.2235785621000001
  O   0.8750000000000001  0.5264214379000001  0.2235785621000001
  O   0.3750000000000000  0.0264214379000000  0.7235785620999999
  O   0.8750000000000000  0.0264214379000000  0.7235785620999999
  O   0.3750000000000001  0.5264214379000000  0.7235785621000000
  O   0.8750000000000000  0.5264214378999998  0.7235785621000000
  O   0.0264214379000000  0.2235785621000000  0.3750000000000000
  O   0.5264214379000000  0.2235785621000000  0.3750000000000001
  O   0.0264214379000001  0.7235785621000000  0.3750000000000001
  O   0.5264214379000000  0.7235785621000000  0.3750000000000001
  O   0.0264214379000001  0.2235785621000000  0.8750000000000000
  O   0.5264214379000000  0.2235785620999999  0.8750000000000000
  O   0.0264214379000001  0.7235785620999999  0.8750000000000000
  O   0.5264214379000000  0.7235785620999999  0.8750000000000000
 Fe1   0.0731371889000000  0.0731371889000000  0.0731371889000000
 Fe1   0.5731371889000000  0.0731371888999999  0.0731371889000000
 Fe1   0.0731371889000000  0.5731371889000001  0.0731371889000000
 Fe1   0.5731371889000000  0.5731371889000000  0.0731371889000001
 Fe1   0.0731371889000000  0.0731371889000000  0.5731371889000000
 Fe1   0.5731371889000000  0.0731371889000000  0.5731371889000000
 Fe1   0.0731371889000001  0.5731371889000000  0.5731371889000000
 Fe1   0.5731371889000001  0.5731371889000000  0.5731371889000001
 Fe1   0.1768628111000000  0.1768628111000000  0.1768628111000000
 Fe1   0.6768628111000000  0.1768628111000000  0.1768628111000000
 Fe1   0.1768628111000001  0.6768628111000001  0.1768628111000001
 Fe1   0.6768628111000000  0.6768628111000000  0.1768628111000001
 Fe1   0.1768628111000000  0.1768628111000000  0.6768628111000000
 Fe1   0.6768628111000000  0.1768628111000000  0.6768628111000000
 Fe1   0.1768628111000001  0.6768628111000000  0.6768628111000000
 Fe1   0.6768628111000001  0.6768628111000000  0.6768628111000001
 Fe2   0.3231371943500000  0.3231371943500000  0.3231371943500000
 Fe2   0.8231371943500001  0.3231371943500000  0.3231371943500000
 Fe2   0.3231371943500001  0.8231371943500000  0.3231371943500001
 Fe2   0.8231371943500001  0.8231371943500000  0.3231371943500000
 Fe2   0.3231371943500000  0.3231371943500000  0.8231371943500001
 Fe2   0.8231371943500000  0.3231371943500000  0.8231371943500000
 Fe2   0.3231371943500000  0.8231371943500000  0.8231371943500001
 Fe2   0.8231371943500000  0.8231371943500000  0.8231371943500001
 Fe2   0.4268628056500001  0.4268628056500000  0.4268628056500001
 Fe2   0.9268628056500001  0.4268628056500001  0.4268628056500000
 Fe2   0.4268628056500001  0.9268628056500001  0.4268628056500001
 Fe2   0.9268628056500002  0.9268628056500002  0.4268628056500002
 Fe2   0.4268628056500001  0.4268628056500000  0.9268628056500001
 Fe2   0.9268628056500001  0.4268628056500001  0.9268628056500000
 Fe2   0.4268628056500001  0.9268628056500000  0.9268628056500001
 Fe2   0.9268628056500002  0.9268628056500001  0.9268628056500002