80   
6    

1    
  0.0092789469068409  -0.0053572024944648   0.0168879106384813
  -0.0010508303    0.0020286201   -0.0027933797
   0.0000168998   -0.0000321499    0.0000707003
  -0.0000197302    0.0000215901    0.0000365702
   0.0000423097   -0.0000623599   -0.0000346198
  -0.0000751503   -0.0000317999    0.0000980803
   0.0000450497    0.0000151501   -0.0000277598
  -0.0000113003   -0.0000067699   -0.0000138898
  -0.0000115203   -0.0000264299    0.0000270702
   0.0001591397   -0.0002757399    0.0004420102
   0.0004081198    0.0001776901    0.0004596702
   0.0000163898   -0.0000208799   -0.0000157698
  -0.0000384603    0.0000787701    0.0000377502
   0.0000081497    0.0000034001   -0.0000119698
  -0.0000105803   -0.0000114599    0.0000021102
   0.0000101197    0.0000003501   -0.0000092698
  -0.0000183803   -0.0000313799   -0.0000038098
   0.0000947997    0.0000779101   -0.0000521798
  -0.0000148503    0.0000065701    0.0000588202
  -0.0000177903    0.0000340301    0.0000453202
  -0.0000081103   -0.0000420699   -0.0000293098
   0.0000069897    0.0000210601    0.0000581402
   0.0004985898   -0.0002788899   -0.0002490998
   0.0000370297   -0.0002059599   -0.0001107697
   0.0000027097    0.0000434001    0.0000610102
   0.0001729097   -0.0001217599   -0.0000509397
   0.0000088897    0.0000008701    0.0000472002
   0.0000479597   -0.0000111599    0.0000720103
  -0.0000974403   -0.0003416299   -0.0002165398
   0.0000537597   -0.0000336599    0.0000657103
  -0.0000585103    0.0000767801   -0.0001153697
   0.0000349397   -0.0000110099   -0.0000044398
  -0.0000094502    0.0000015401    0.0000446002
   0.0001568598    0.0002582901    0.0002797102
   0.0001411997   -0.0002222099    0.0001243902
  -0.0001109303    0.0001326301    0.0000924203
   0.0000324297   -0.0000155999    0.0000215702
  -0.0000289003   -0.0000113799   -0.0000109398
   0.0000012797    0.0000159901   -0.0000252098
  -0.0000316903   -0.0000691799    0.0000776103
   0.0000361297    0.0000291501   -0.0000021398
   0.0000396297    0.0000037401    0.0000065902
  -0.0004258503   -0.0001954399    0.0004629402
   0.0000111697   -0.0000413899   -0.0000041398
  -0.0000151102    0.0000103101   -0.0000126698
   0.0000425097   -0.0000137399    0.0000023502
  -0.0003448102    0.0000043301    0.0003347602
   0.0000034197   -0.0000458899   -0.0000010598
   0.0000007397    0.0000329301   -0.0000120598
  -0.0001272603    0.0000090801   -0.0000915897
   0.0002212797   -0.0001870599    0.0003229602
  -0.0001099402    0.0001667501    0.0000276402
   0.0000464797   -0.0001448899   -0.0001177397
  -0.0000400603   -0.0000114799    0.0000176802
   0.0000807098    0.0001226301   -0.0000867197
  -0.0000037003    0.0000133801   -0.0000198998
   0.0000548297    0.0000234901    0.0000376902
  -0.0001290502   -0.0000350699   -0.0001904198
   0.0002430997   -0.0001446599    0.0004717302
  -0.0000194102    0.0000060201    0.0001050202
  -0.0000160303   -0.0000205899   -0.0000519198
  -0.0000245703    0.0000010701    0.0000251002
   0.0001195597   -0.0000162299   -0.0000764398
  -0.0000078502    0.0000523301   -0.0000533598
   0.0000126897    0.0000041801    0.0000346702
   0.0002152398   -0.0001250599    0.0002603602
  -0.0000115802    0.0000127901   -0.0000591698
  -0.0000364003   -0.0000617299   -0.0000692097
  -0.0000017203    0.0001062701    0.0000402002
   0.0000655697    0.0000367701   -0.0001735297
  -0.0001702803   -0.0001030799    0.0000645603
   0.0000356697    0.0000537601    0.0000597502
   0.0000068497   -0.0000089399   -0.0000338098
   0.0000860998   -0.0000595699   -0.0001208897
  -0.0000661803   -0.0000048499   -0.0000008898
   0.0000610798   -0.0000825699    0.0000937503
   0.0000171197    0.0000586001   -0.0000824397
  -0.0000706203   -0.0006601199    0.0005139803
  -0.0001326303    0.0000041501   -0.0001279198
   0.0000135197   -0.0000172599   -0.0000369198
  -0.0000432403    0.0000967201    0.0000959902

1    
 -0.0092789469068409   0.0053572024944648  -0.0168879106384813
   0.0009923303   -0.0019901004    0.0027475005
  -0.0000153298    0.0000288896   -0.0000704395
   0.0000213602   -0.0000246204   -0.0000365195
  -0.0000405598    0.0000590996    0.0000345805
   0.0000767502    0.0000288396   -0.0000978495
  -0.0000429697   -0.0000182004    0.0000277805
   0.0000131102    0.0000037796    0.0000137805
   0.0000132002    0.0000232096   -0.0000269695
  -0.0001576598    0.0002809696   -0.0004486995
  -0.0003970198   -0.0001745004   -0.0004511195
  -0.0000129598    0.0000206096    0.0000155705
   0.0000410202   -0.0000773504   -0.0000373695
  -0.0000038998   -0.0000033204    0.0000106705
   0.0000139002    0.0000115496   -0.0000019095
  -0.0000068198   -0.0000003204    0.0000093805
   0.0000217802    0.0000312696    0.0000036305
  -0.0000962397   -0.0000768004    0.0000529505
   0.0000113802   -0.0000065004   -0.0000587895
   0.0000141902   -0.0000340304   -0.0000453595
   0.0000046202    0.0000419696    0.0000292205
  -0.0000103198   -0.0000211804   -0.0000581295
  -0.0004985097    0.0002772296    0.0002453605
  -0.0000404398    0.0002042496    0.0001111205
  -0.0000063498   -0.0000428004   -0.0000603695
  -0.0001711397    0.0001243896    0.0000520805
  -0.0000073298    0.0000021796   -0.0000470795
  -0.0000460598    0.0000139896   -0.0000717695
   0.0000975503    0.0003457096    0.0002131705
  -0.0000512298    0.0000368296   -0.0000656995
   0.0000589102   -0.0000746204    0.0001151005
  -0.0000329098    0.0000141496    0.0000044805
   0.0000111902    0.0000013896   -0.0000443895
  -0.0001593798   -0.0002645304   -0.0002818395
  -0.0001418998    0.0002179196   -0.0001233695
   0.0001084202   -0.0001355404   -0.0000940495
  -0.0000339998    0.0000127896   -0.0000213095
   0.0000270502    0.0000085196    0.0000107005
  -0.0000029098   -0.0000189904    0.0000252005
   0.0000298402    0.0000661696   -0.0000774195
  -0.0000373098   -0.0000317504    0.0000020205
  -0.0000414898   -0.0000008804   -0.0000063295
   0.0004183103    0.0001965596   -0.0004585295
  -0.0000127598    0.0000440796    0.0000040305
   0.0000133502   -0.0000075404    0.0000127805
  -0.0000436897    0.0000165796   -0.0000027895
   0.0003440002   -0.0000023604   -0.0003337595
  -0.0000051698    0.0000488296    0.0000011305
  -0.0000025098   -0.0000298604    0.0000119205
   0.0001264203   -0.0000088704    0.0000996405
  -0.0002173097    0.0001832196   -0.0003152595
   0.0001103302   -0.0001671404   -0.0000204395
  -0.0000449098    0.0001438296    0.0001257605
   0.0000396702    0.0000115196   -0.0000100395
  -0.0000804697   -0.0001221404    0.0000948005
   0.0000031902   -0.0000132504    0.0000283405
  -0.0000548998   -0.0000234104   -0.0000295995
   0.0001292003    0.0000356496    0.0001824005
  -0.0002162198    0.0000916096   -0.0004279995
   0.0000190302   -0.0000053104   -0.0001129795
   0.0000157302    0.0000201896    0.0000432205
   0.0000239402   -0.0000013804   -0.0000329395
  -0.0001190397    0.0000162296    0.0000680405
   0.0000077802   -0.0000523004    0.0000449405
  -0.0000126798   -0.0000041104   -0.0000424895
  -0.0002052798    0.0001226796   -0.0002520595
   0.0000117902   -0.0000128504    0.0000670405
   0.0000364702    0.0000618296    0.0000773205
   0.0000020202   -0.0001060504   -0.0000313095
  -0.0000665197   -0.0000364104    0.0001817205
   0.0001699503    0.0001029896   -0.0000549395
  -0.0000354098   -0.0000535704   -0.0000511595
  -0.0000066098    0.0000088696    0.0000415705
  -0.0000856597    0.0000587696    0.0001130305
   0.0000659402    0.0000048096   -0.0000075395
  -0.0000611598    0.0000814696   -0.0001025695
  -0.0000169398   -0.0000581104    0.0000740105
   0.0000868503    0.0006786996   -0.0005265295
   0.0001313903   -0.0000042104    0.0001189105
  -0.0000134798    0.0000172396    0.0000287205
   0.0000434802   -0.0000964404   -0.0001039195

1    
 -0.0092789469068409  -0.0053572024944648   0.0168879106384813
   0.0032851896    0.0018555903   -0.0040429895
   0.0000260796   -0.0000192598    0.0000517105
  -0.0000020604    0.0000292502    0.0000520205
   0.0000522396    0.0000284402   -0.0000569595
  -0.0001295604   -0.0000763997    0.0001969705
  -0.0000548004    0.0000207702   -0.0000195595
  -0.0000075304   -0.0000606198   -0.0000197295
  -0.0000316404   -0.0000203898    0.0000535505
   0.0002571096   -0.0002118597    0.0003569805
   0.0002545396    0.0000985703    0.0001595505
   0.0000177396    0.0000096402   -0.0000111495
  -0.0000815104    0.0001609003    0.0000875005
  -0.0001660304    0.0000103602    0.0001825005
  -0.0000646304   -0.0000130798    0.0000036705
   0.0000072896   -0.0000368498   -0.0000383095
  -0.0000140204   -0.0000644997   -0.0000210395
  -0.0002962304   -0.0002532498   -0.0001607095
  -0.0000138204   -0.0000085098    0.0000921405
  -0.0000371004    0.0000530002    0.0001032505
  -0.0000690204   -0.0000371398   -0.0000307195
   0.0000160696    0.0000385702    0.0000738405
  -0.0002444604    0.0002304002   -0.0002174095
   0.0001508496   -0.0002450498   -0.0001644595
   0.0000202596    0.0000377202    0.0000628205
  -0.0001334704    0.0002557902   -0.0001654695
   0.0000435196   -0.0000021998    0.0000740105
   0.0000447096    0.0000015502    0.0000628805
   0.0000802396   -0.0003191597   -0.0002198395
   0.0000287596   -0.0000552398    0.0001028305
  -0.0003640904   -0.0001268297   -0.0001586495
  -0.0000653604   -0.0000382498   -0.0000307295
  -0.0000127504   -0.0000054398    0.0000922305
   0.0002113696    0.0001688802    0.0001621305
   0.0000961196   -0.0001533598    0.0000872405
  -0.0000565904    0.0003292902    0.0003597505
   0.0000155096    0.0000078702   -0.0000111095
  -0.0000459604   -0.0000523198    0.0000032205
  -0.0000646104    0.0000165902   -0.0000204895
  -0.0000759004   -0.0001520897    0.0001826005
  -0.0000299304    0.0000215502   -0.0000382295
   0.0000329496    0.0000143102   -0.0000309295
  -0.0003756604   -0.0004615998    0.0008201205
  -0.0000067004    0.0000072202    0.0000077805
  -0.0000191704   -0.0000180198   -0.0000038395
  -0.0000270804   -0.0000046098   -0.0000039495
  -0.0005801404   -0.0000912997    0.0008074505
   0.0000011296   -0.0000063698    0.0000080305
   0.0000270096    0.0000240402   -0.0000310295
  -0.0000869004   -0.0000043798   -0.0000751995
  -0.0001451404   -0.0001594298    0.0003974205
  -0.0001801704    0.0000442602    0.0001061605
  -0.0001151704   -0.0000992398   -0.0001134595
   0.0000964296    0.0000031402    0.0001116205
   0.0001093096    0.0002312503   -0.0001585495
   0.0000961596   -0.0000675698   -0.0000879695
   0.0001337796    0.0000959703    0.0000101305
  -0.0001436504   -0.0000489998   -0.0001224295
  -0.0001963204   -0.0000700997    0.0004113505
  -0.0000516804   -0.0001783298    0.0000985705
  -0.0000474704   -0.0000736398   -0.0000836995
   0.0001505496    0.0000677003    0.0000018705
   0.0002532796   -0.0000206598   -0.0001666295
  -0.0000105204    0.0001170602   -0.0000962195
   0.0000508796    0.0000818802    0.0001033305
  -0.0012263504    0.0000140402    0.0006919005
  -0.0000112004    0.0000185102   -0.0000532595
  -0.0000343904   -0.0000638997   -0.0000740795
  -0.0000021504    0.0000588202    0.0000424305
  -0.0000015004    0.0000896903   -0.0002892295
   0.0000839996   -0.0000760897    0.0001724405
   0.0000457796    0.0001002003    0.0000882105
   0.0000352796   -0.0000072098   -0.0000677195
   0.0000775296   -0.0000474198   -0.0002981595
   0.0001094796   -0.0000104998    0.0000797905
  -0.0000259604    0.0001099003    0.0001642005
   0.0000108896    0.0000341002   -0.0000755795
  -0.0005632304   -0.0009770697    0.0006428605
  -0.0000718104    0.0000022002   -0.0000816295
   0.0000107696   -0.0000185998   -0.0000613595
   0.0000506496   -0.0000321997    0.0000334005

1    
  0.0092789469068409   0.0053572024944648  -0.0168879106384813
  -0.0032495294   -0.0019172496    0.0040429500
  -0.0000242694    0.0000164304   -0.0000520300
   0.0000036406   -0.0000321696   -0.0000517300
  -0.0000507194   -0.0000309696    0.0000569800
   0.0001310206    0.0000740204   -0.0001970100
   0.0000562606   -0.0000237896    0.0000197400
   0.0000094706    0.0000578404    0.0000195300
   0.0000334806    0.0000172604   -0.0000535800
  -0.0002568694    0.0002136504   -0.0003597400
  -0.0002519894   -0.0000986296   -0.0001621400
  -0.0000145994   -0.0000095396    0.0000110800
   0.0000847206   -0.0001599096   -0.0000872500
   0.0001696206   -0.0000103796   -0.0001826000
   0.0000682406    0.0000136404   -0.0000032200
  -0.0000037394    0.0000366904    0.0000382300
   0.0000179106    0.0000642504    0.0000205100
   0.0002918806    0.0002518604    0.0001586400
   0.0000111206    0.0000082804   -0.0000922900
   0.0000334906   -0.0000524996   -0.0001028600
   0.0000658306    0.0000374604    0.0000307000
  -0.0000197994   -0.0000388196   -0.0000740600
   0.0002362906   -0.0002290396    0.0002198400
  -0.0001547694    0.0002434404    0.0001654900
  -0.0000237194   -0.0000379696   -0.0000628900
   0.0001367506   -0.0002531696    0.0001644600
  -0.0000414794    0.0000053704   -0.0000738600
  -0.0000428294    0.0000013204   -0.0000628000
  -0.0000773194    0.0003269504    0.0002173800
  -0.0000273794    0.0000586804   -0.0001032600
   0.0003674506    0.0001299304    0.0001607000
   0.0000666506    0.0000412204    0.0000306700
   0.0000142906    0.0000077304   -0.0000921800
  -0.0002125994   -0.0001711696   -0.0001595100
  -0.0000985994    0.0001510704   -0.0000874800
   0.0000549406   -0.0003285396   -0.0003569900
  -0.0000172394   -0.0000105296    0.0000111400
   0.0000436706    0.0000494504   -0.0000036700
   0.0000629006   -0.0000200296    0.0000210200
   0.0000740906    0.0001490504   -0.0001825200
   0.0000283006   -0.0000246796    0.0000383100
  -0.0000343394   -0.0000114496    0.0000310500
   0.0003692006    0.0004567004   -0.0008074500
   0.0000050106   -0.0000041396   -0.0000080800
   0.0000175106    0.0000211204    0.0000039900
   0.0000252406    0.0000075404    0.0000038200
   0.0005876606    0.0000944704   -0.0008201100
  -0.0000028394    0.0000094704   -0.0000078300
  -0.0000287794   -0.0000213996    0.0000309300
   0.0000875106    0.0000043004    0.0000837500
   0.0001588706    0.0001349704   -0.0004113800
   0.0001799706   -0.0000446396   -0.0000985700
   0.0001143206    0.0000998904    0.0001224400
  -0.0000963294   -0.0000030196   -0.0001034200
  -0.0001087394   -0.0002296796    0.0001666400
  -0.0000961694    0.0000675904    0.0000962000
  -0.0001338394   -0.0000966296   -0.0000019800
   0.0001435306    0.0000502404    0.0001134200
   0.0002106506    0.0000459404   -0.0003973600
   0.0000518006    0.0001782304   -0.0001062400
   0.0000473506    0.0000730404    0.0000752600
  -0.0001500894   -0.0000678496   -0.0000101500
  -0.0002548694    0.0000208904    0.0001586300
   0.0000103106   -0.0001171196    0.0000880600
  -0.0000509294   -0.0000819396   -0.0001115800
   0.0011277706   -0.0000007396   -0.0006429300
   0.0000108106   -0.0000186396    0.0000613700
   0.0000340406    0.0000633904    0.0000815400
   0.0000024906   -0.0000599396   -0.0000335500
   0.0000020806   -0.0000908496    0.0002982700
  -0.0000821694    0.0000773504   -0.0001642600
  -0.0000456894   -0.0001001096   -0.0000798100
  -0.0000350194    0.0000075704    0.0000756200
  -0.0000768594    0.0000461204    0.0002893600
  -0.0001096094    0.0000105004   -0.0000882300
   0.0000239606   -0.0001107296   -0.0001723400
  -0.0000114194   -0.0000340496    0.0000678400
   0.0006009106    0.0010690804   -0.0006918500
   0.0000725106   -0.0000022296    0.0000742200
  -0.0000104994    0.0000189804    0.0000533900
  -0.0000498994    0.0000312504   -0.0000423800

49   
  0.0092789469068409  -0.0053572024944648   0.0168879106384813
  -0.0000374199    0.0000893604   -0.0001183299
   0.0001190501   -0.0000626096    0.0004130101
  -0.0000709799    0.0001701904    0.0000043701
   0.0000903601   -0.0001150796   -0.0001362099
  -0.0001486999   -0.0000398896    0.0000654401
   0.0000834601    0.0000491604   -0.0001152799
  -0.0000101199    0.0000071404   -0.0000216499
   0.0000074701   -0.0000257196    0.0000451301
   0.0000029301   -0.0001792296   -0.0002113599
  -0.0000416799    0.0002259404    0.0000942301
   0.0002850301   -0.0002433896    0.0001749501
  -0.0000256799   -0.0000109596   -0.0000621899
   0.0000544601    0.0000509004    0.0000452801
   0.0000106701   -0.0000146596   -0.0000408599
   0.0000444801    0.0000217804   -0.0000903399
  -0.0001442599   -0.0000664196    0.0000600801
   0.0000350201   -0.0000129596   -0.0000743399
  -0.0000318499    0.0000180004    0.0001187901
   0.0000324701    0.0000886304    0.0000534701
  -0.0000512599   -0.0000968596   -0.0000737599
   0.0004033101   -0.0000996996    0.0004011301
  -0.0000316099    0.0000503604   -0.0002128899
   0.0000087701   -0.0000101096   -0.0000111899
  -0.0000322299    0.0000374004    0.0000437801
   0.0000027901    0.0000039304   -0.0000308599
   0.0000219701   -0.0000008796    0.0000409901
   0.0001533801   -0.0002077496    0.0003928401
  -0.0001474599    0.0000441504   -0.0002010499
   0.0000643901   -0.0001260896    0.0001126001
  -0.0000558699    0.0000710204   -0.0000707399
   0.0000741501   -0.0000375196   -0.0000766399
  -0.0001267499    0.0000269204   -0.0000200999
  -0.0000880399    0.0001339604   -0.0002318799
   0.0009802201    0.0000245604    0.0007349701
   0.0000068001    0.0000172804    0.0000291701
  -0.0000056599   -0.0000179796   -0.0000415599
  -0.0000358199   -0.0000810296    0.0001419401
   0.0000022501    0.0000241304   -0.0000510299
  -0.0000464799   -0.0000461096   -0.0000778799
   0.0000148901    0.0000844704    0.0000388001
   0.0001688301   -0.0000100496   -0.0001478299
  -0.0001635199    0.0000344904    0.0000685001
   0.0000333901   -0.0001498296    0.0000907101
  -0.0000108199    0.0000420904   -0.0000691799
   0.0000217901   -0.0005174096    0.0005095701
  -0.0000727699    0.0000489004   -0.0001426599
   0.0000224301   -0.0000218596   -0.0000402299
  -0.0000279799    0.0000459204    0.0000749601
  -0.0025661199    0.0014950804   -0.0040281399
   0.0001236301   -0.0000626496    0.0002539601
  -0.0000807699    0.0001343804    0.0001210501
   0.0000816401   -0.0001459996   -0.0001311599
  -0.0000736999   -0.0000542096    0.0001571001
   0.0001644401    0.0000216004   -0.0001267699
  -0.0000245499   -0.0000037196   -0.0001276499
   0.0000327501   -0.0000189296    0.0000915301
  -0.0003745099    0.0002150204    0.0015302001
   0.0006015601   -0.0007172496    0.0004914801
  -0.0001196999    0.0001207104   -0.0000370799
   0.0000504901   -0.0000316796    0.0000464501
  -0.0004857199    0.0000698804    0.0001462201
   0.0000852801   -0.0000185696    0.0000315301
  -0.0000422099    0.0000148004    0.0000101901
   0.0000664001   -0.0000160496    0.0000094301
   0.0000232701   -0.0000487296    0.0000360601
  -0.0001418199    0.0000372104   -0.0000025699
   0.0000424001   -0.0004114996    0.0002507501
   0.0003076601    0.0004132104    0.0003653201
   0.0003669101    0.0005006604    0.0003127401
  -0.0000010599   -0.0003501196    0.0002444901
  -0.0000419099    0.0000630504   -0.0000486699
   0.0000236001   -0.0000491396    0.0000357701
   0.0000301801   -0.0000171896   -0.0001307099
  -0.0000577999    0.0000260804    0.0001131601
   0.0000490601   -0.0000143396    0.0001455201
  -0.0001547499    0.0003827904   -0.0007150299
   0.0000513001   -0.0000363796    0.0001461501
  -0.0000126399   -0.0000906396   -0.0005078099
   0.0008002901   -0.0006594896   -0.0003359599
  -0.0000614099    0.0000355104    0.0002677701

49   
 -0.0092789469068409   0.0053572024944648  -0.0168879106384813
   0.0000393003   -0.0000926399    0.0001183304
  -0.0001191097    0.0000598601   -0.0004136996
   0.0000720703   -0.0001716999   -0.0000036896
  -0.0000889697    0.0001134401    0.0001367504
   0.0001494403    0.0000365701   -0.0000651696
  -0.0000812298   -0.0000516499    0.0001140104
   0.0000124702   -0.0000098799    0.0000212804
  -0.0000060197    0.0000225901   -0.0000446496
   0.0000001503    0.0001774101    0.0002094404
   0.0000443703   -0.0002275499   -0.0000944696
  -0.0002891998    0.0002498501   -0.0001749896
   0.0000287503    0.0000112101    0.0000623704
  -0.0000505997   -0.0000506099   -0.0000449196
  -0.0000075297    0.0000145101    0.0000409604
  -0.0000409997   -0.0000217599    0.0000904904
   0.0001473302    0.0000664801   -0.0000597996
  -0.0000379597    0.0000129501    0.0000739504
   0.0000288103   -0.0000179799   -0.0001190796
  -0.0000357797   -0.0000881899   -0.0000530696
   0.0000477203    0.0000966701    0.0000735804
  -0.0003457598    0.0001027201   -0.0003497296
   0.0000280303   -0.0000517499    0.0002143704
  -0.0000123098    0.0000090101    0.0000097304
   0.0000283403   -0.0000365899   -0.0000432696
  -0.0000013197   -0.0000013299    0.0000303604
  -0.0000204697    0.0000041501   -0.0000409296
  -0.0001630398    0.0001921101   -0.0003753096
   0.0001492102   -0.0000405899    0.0002005004
  -0.0000621997    0.0001279701   -0.0001116996
   0.0000569603   -0.0000677299    0.0000704604
  -0.0000731698    0.0000408401    0.0000760804
   0.0001278903   -0.0000239999    0.0000201404
   0.0000862603   -0.0001353399    0.0002298404
  -0.0010803297   -0.0000393399   -0.0007765296
  -0.0000083097   -0.0000208399   -0.0000287996
   0.0000039103    0.0000153501    0.0000418704
   0.0000348103    0.0000781701   -0.0001401996
  -0.0000042197   -0.0000268699    0.0000510404
   0.0000446303    0.0000430301    0.0000778604
  -0.0000166698   -0.0000864199   -0.0000387596
  -0.0001688397    0.0000126601    0.0001469604
   0.0001623902   -0.0000317399   -0.0000683596
  -0.0000359597    0.0001536101   -0.0000902596
   0.0000091703   -0.0000388699    0.0000690704
  -0.0000100897    0.0005398701   -0.0005159896
   0.0000709703   -0.0000461399    0.0001428704
  -0.0000242397    0.0000247401    0.0000403704
   0.0000269203   -0.0000434399   -0.0000743796
   0.0026211602   -0.0014982199    0.0039896104
  -0.0001231998    0.0000623801   -0.0002454196
   0.0000804303   -0.0001338299   -0.0001121896
  -0.0000819797    0.0001463201    0.0001392504
   0.0000732303    0.0000539001   -0.0001479596
  -0.0001645797   -0.0000217799    0.0001345004
   0.0000242903    0.0000037601    0.0001351704
  -0.0000327897    0.0000189201   -0.0000828896
   0.0003654902   -0.0002102299   -0.0015154196
  -0.0006084497    0.0007213601   -0.0005026196
   0.0001224002   -0.0001170899    0.0000323304
  -0.0000502397    0.0000310901   -0.0000544696
   0.0004820703   -0.0000699899   -0.0001520096
  -0.0000850197    0.0000186501   -0.0000392396
   0.0000421303   -0.0000147099   -0.0000182396
  -0.0000663497    0.0000158701   -0.0000173496
  -0.0000238197    0.0000492301   -0.0000275296
   0.0001430503   -0.0000368099    0.0000097404
  -0.0000439097    0.0004084501   -0.0002414596
  -0.0003101798   -0.0004146799   -0.0003575396
  -0.0003636798   -0.0004975299   -0.0003022396
   0.0000036403    0.0003514801   -0.0002352196
   0.0000392003   -0.0000628799    0.0000591304
  -0.0000235197    0.0000488101   -0.0000278096
  -0.0000302598    0.0000176801    0.0001222004
   0.0000574103   -0.0000259299   -0.0001205696
  -0.0000496397    0.0000136201   -0.0001526896
   0.0001580303   -0.0003815799    0.0007063204
  -0.0000508997    0.0000370901   -0.0001533596
   0.0000133502    0.0000846901    0.0004985404
  -0.0007954598    0.0006552801    0.0003219704
   0.0000625103   -0.0000361499   -0.0002774796
