!    ibrav = 0, nat = 80, ntyp = 3
CELL_PARAMETERS bohr
    9.6409370653123077   -5.5661976099023880   17.5467415930767672
    0.0000000000000000   11.1323952198009977   17.5467415930767672
   -9.6409370653123077   -5.5661976099023880   17.5467415930767672
ATOMIC_SPECIES
  O   15.99900   O.pbe-n-kjpaw_psl.1.0.0.UPF
 Fe1   55.84500   Fe.pbe-spn-kjpaw_psl.1.0.0.UPF
 Fe2   55.84500   Fe.pbe-spn-kjpaw_psl.1.0.0.UPF
ATOMIC_POSITIONS crystal
  O   0.4736610920000000  0.2763389080000000  0.1250000000000000
  O   0.9736610920000000  0.2763389080000000  0.1250000000000000
  O   0.4736610920000000  0.7763389080000000  0.1250000000000000
  O   0.9736610920000000  0.7763389080000000  0.1250000000000000
  O   0.4736610920000000  0.2763389080000000  0.6250000000000000
  O   0.9736610920000000  0.2763389080000000  0.6250000000000000
  O   0.4736610920000000  0.7763389080000000  0.6250000000000000
  O   0.9736610920000000  0.7763389080000000  0.6250000000000000
  O   0.2236611007000000  0.3750000000000000  0.0263388993000000
  O   0.7236611007000000  0.3750000000000000  0.0263388993000000
  O   0.2236611007000000  0.8750000000000000  0.0263388993000000
  O   0.7236611007000000  0.8750000000000000  0.0263388993000000
  O   0.2236611007000000  0.3750000000000000  0.5263388993000000
  O   0.7236611007000000  0.3750000000000000  0.5263388993000000
  O   0.2236611007000000  0.8750000000000000  0.5263388993000000
  O   0.7236611007000000  0.8750000000000000  0.5263388993000000
  O   0.2763389080000000  0.1250000000000000  0.4736610920000000
  O   0.7763389080000000  0.1250000000000000  0.4736610920000000
  O   0.2763389080000000  0.6250000000000000  0.4736610920000000
  O   0.7763389080000000  0.6250000000000000  0.4736610920000000
  O   0.2763389080000000  0.1250000000000000  0.9736610920000000
  O   0.7763389080000000  0.1250000000000000  0.9736610920000000
  O   0.2763389080000000  0.6250000000000000  0.9736610920000000
  O   0.7763389080000000  0.6250000000000000  0.9736610920000000
  O   0.1250000000000000  0.4736610920000000  0.2763389080000000
  O   0.6250000000000000  0.4736610920000000  0.2763389080000000
  O   0.1250000000000000  0.9736610920000000  0.2763389080000000
  O   0.6250000000000000  0.9736610920000000  0.2763389080000000
  O   0.1250000000000000  0.4736610920000000  0.7763389080000000
  O   0.6250000000000000  0.4736610920000000  0.7763389080000000
  O   0.1250000000000000  0.9736610920000000  0.7763389080000000
  O   0.6250000000000000  0.9736610920000000  0.7763389080000000
  O   0.3750000000000000  0.0263388993000000  0.2236611007000000
  O   0.8750000000000000  0.0263388993000000  0.2236611007000000
  O   0.3750000000000000  0.5263388993000000  0.2236611007000000
  O   0.8750000000000000  0.5263388993000000  0.2236611007000000
  O   0.3750000000000000  0.0263388993000000  0.7236611007000000
  O   0.8750000000000000  0.0263388993000000  0.7236611007000000
  O   0.3750000000000000  0.5263388993000000  0.7236611007000000
  O   0.8750000000000000  0.5263388993000000  0.7236611007000000
  O   0.0263388993000000  0.2236611007000000  0.3750000000000000
  O   0.5263388993000000  0.2236611007000000  0.3750000000000000
  O   0.0263388993000000  0.7236611007000000  0.3750000000000000
  O   0.5263388993000000  0.7236611007000000  0.3750000000000000
  O   0.0263388993000000  0.2236611007000000  0.8750000000000000
  O   0.5263388993000000  0.2236611007000000  0.8750000000000000
  O   0.0263388993000000  0.7236611007000000  0.8750000000000000
  O   0.5263388993000000  0.7236611007000000  0.8750000000000000
 Fe1   0.0732136291500000  0.0732136291500000  0.0732136291500000
 Fe1   0.5732136291500000  0.0732136291500000  0.0732136291500000
 Fe1   0.0732136291500000  0.5732136291500000  0.0732136291500000
 Fe1   0.5732136291500000  0.5732136291500000  0.0732136291500000
 Fe1   0.0732136291500000  0.0732136291500000  0.5732136291500000
 Fe1   0.5732136291500000  0.0732136291500000  0.5732136291500000
 Fe1   0.0732136291500000  0.5732136291500000  0.5732136291500000
 Fe1   0.5732136291500000  0.5732136291500000  0.5732136291500000
 Fe1   0.1767863708500000  0.1767863708500000  0.1767863708500000
 Fe1   0.6767863708500000  0.1767863708500000  0.1767863708500000
 Fe1   0.1767863708500000  0.6767863708500000  0.1767863708500000
 Fe1   0.6767863708500000  0.6767863708500000  0.1767863708500000
 Fe1   0.1767863708500000  0.1767863708500000  0.6767863708500000
 Fe1   0.6767863708500000  0.1767863708500000  0.6767863708500000
 Fe1   0.1767863708500000  0.6767863708500000  0.6767863708500000
 Fe1   0.6767863708500000  0.6767863708500000  0.6767863708500000
 Fe2   0.3232136308000000  0.3232136308000000  0.3232136308000000
 Fe2   0.8232136308000000  0.3232136308000000  0.3232136308000000
 Fe2   0.3232136308000000  0.8232136308000000  0.3232136308000000
 Fe2   0.8232136308000000  0.8232136308000000  0.3232136308000000
 Fe2   0.3232136308000000  0.3232136308000000  0.8232136308000000
 Fe2   0.8232136308000000  0.3232136308000000  0.8232136308000000
 Fe2   0.3232136308000000  0.8232136308000000  0.8232136308000000
 Fe2   0.8232136308000000  0.8232136308000000  0.8232136308000000
 Fe2   0.4267863692000000  0.4267863692000000  0.4267863692000000
 Fe2   0.9267863692000000  0.4267863692000000  0.4267863692000000
 Fe2   0.4267863692000000  0.9267863692000000  0.4267863692000000
 Fe2   0.9267863692000000  0.9267863692000000  0.4267863692000000
 Fe2   0.4267863692000000  0.4267863692000000  0.9267863692000000
 Fe2   0.9267863692000000  0.4267863692000000  0.9267863692000000
 Fe2   0.4267863692000000  0.9267863692000000  0.9267863692000000
 Fe2   0.9267863692000000  0.9267863692000000  0.9267863692000000