-2.680904135889734086e+00 0.000000000000000000e+00
-2.540227315248297923e+00 0.000000000000000000e+00
-2.399550494606861761e+00 0.000000000000000000e+00
-2.258873673965425599e+00 0.000000000000000000e+00
-2.118196853323989437e+00 0.000000000000000000e+00
-1.977520032682553275e+00 0.000000000000000000e+00
-1.836843212041117113e+00 0.000000000000000000e+00
-1.696166391399680951e+00 0.000000000000000000e+00
-1.555489570758244788e+00 0.000000000000000000e+00
-1.414812750116808626e+00 0.000000000000000000e+00
-1.274135929475372464e+00 0.000000000000000000e+00
-1.133459108833936302e+00 0.000000000000000000e+00
-9.927822881925001397e-01 0.000000000000000000e+00
-8.521054675510639775e-01 0.000000000000000000e+00
-7.114286469096278154e-01 0.000000000000000000e+00
-5.707518262681916532e-01 0.000000000000000000e+00
-4.300750056267554911e-01 0.000000000000000000e+00
-2.893981849853193289e-01 6.645217665577599631e-01
-1.487213643438831667e-01 1.673133175459758093e-01
-8.044543702447004563e-03 3.319991145648520936e-01
1.326322769389891576e-01 5.397260147562178423e-01
2.733090975804253198e-01 6.806942716976630559e-01
4.139859182218614819e-01 7.643504394599687224e-01
5.546627388632976441e-01 9.385702912382561935e-01
6.953395595047338062e-01 8.946633570631019605e-01
8.360163801461699684e-01 8.536620418730502813e-01
9.766932007876061306e-01 8.510926307711075278e-01
1.117370021429042293e+00 8.639686947080373880e-01
1.258046842070478455e+00 1.001541826197582141e+00
1.398723662711915061e+00 1.203850471010502687e+00
1.539400483353350779e+00 1.285288062231361161e+00
1.680077303994786497e+00 1.413670707711789154e+00
1.820754124636223104e+00 1.699788006650650329e+00
1.961430945277659710e+00 1.606812549116616085e+00
2.102107765919095428e+00 1.727834563691479808e+00
2.242784586560531146e+00 1.887313425583665882e+00
2.383461407201967752e+00 2.512168542072239941e+00
2.524138227843404358e+00 1.734655719819858888e+00
2.664815048484840077e+00 1.232397076942527647e+00
2.805491869126275795e+00 1.322587494528690621e+00
2.946168689767712401e+00 1.368875360878129221e+00
3.086845510409149007e+00 2.450811086038811926e+00
3.227522331050584725e+00 2.555210968828380835e+00
3.368199151692020443e+00 4.262700455340372230e+00
3.508875972333457050e+00 2.708226639915260581e+00
3.649552792974893656e+00 1.341257633325586784e+00
3.790229613616329374e+00 1.537393905155540530e+00
3.930906434257765092e+00 1.896713548763250934e+00
4.071583254899201698e+00 3.007893147908553111e+00
4.212260075540638304e+00 2.713632210802833011e+00
4.352936896182074022e+00 2.846548557061105988e+00
4.493613716823509741e+00 2.126118824499353188e+00
4.634290537464946347e+00 3.150155818133220542e+00
4.774967358106382953e+00 2.388837350339344745e+00
4.915644178747818671e+00 6.873837755833980268e-01
5.056320999389254389e+00 7.304473131543320896e-01
5.196997820030690995e+00 8.200795310341528754e-01
5.337674640672127602e+00 1.002885916550547485e+00
5.478351461313564208e+00 1.389271616466196901e+00
5.619028281954999038e+00 9.595008459548312052e-01
5.759705102596435644e+00 9.283214487901538803e-01
5.900381923237872250e+00 9.761796545036351969e-01
6.041058743879307080e+00 1.143863590494546223e+00
6.181735564520743687e+00 1.635066145112250124e+00
6.322412385162180293e+00 8.912620103792782134e-01
6.463089205803616899e+00 0.000000000000000000e+00
6.603766026445053505e+00 7.400552687292251131e-01
6.744442847086488335e+00 2.423367917215734302e+00
6.885119667727924941e+00 7.114415292425003479e+00
7.025796488369361548e+00 3.251726827305704948e+00
7.166473309010796378e+00 3.933937784156630091e+00
7.307150129652232984e+00 0.000000000000000000e+00
7.447826950293669590e+00 1.355621492614428991e+00
7.588503770935106196e+00 1.698958057353233242e+00
7.729180591576542803e+00 2.717515345325018039e+00
7.869857412217977632e+00 1.553580268794656272e+00
8.010534232859413351e+00 1.165368360043578244e+00
8.151211053500851733e+00 1.012760894106197851e+00
8.291887874142286563e+00 9.719383535018546461e-01
8.432564694783721393e+00 1.068974372099372516e+00
8.573241515425159776e+00 1.354088211487904037e+00
8.713918336066594605e+00 2.495684848802311340e+00
8.854595156708032988e+00 1.014363243574335938e+00
8.995271977349467818e+00 1.047421850228826168e+00
9.135948797990902648e+00 1.119052909616138125e+00
9.276625618632341030e+00 8.182371960580225867e-01
9.417302439273775860e+00 7.098897458452809728e-01
9.557979259915210690e+00 6.636589183060392916e-01
9.698656080556649073e+00 1.129771836213366853e+00
9.839332901198083903e+00 1.295068136718977136e+00
9.980009721839522285e+00 1.709825729393305016e+00
1.012068654248095712e+01 3.181469759681098353e+00
1.026136336312239195e+01 5.173047563555362771e+00
1.040204018376383033e+01 1.305187017958877593e+00
1.054271700440526516e+01 9.467284522367944710e-01
1.068339382504669999e+01 9.058037161307499474e-01
1.082407064568813837e+01 7.160903263352257575e+00
1.096474746632957320e+01 7.524218486994600497e+00
1.110542428697101158e+01 2.809532320579824383e+00
1.124610110761244641e+01 0.000000000000000000e+00
1.138677792825388124e+01 0.000000000000000000e+00
1.152745474889531963e+01 0.000000000000000000e+00
1.166813156953675445e+01 1.080799144192295280e+00
1.180880839017818928e+01 1.243048732558944991e+00
1.194948521081962767e+01 6.266199160232043042e+00
1.209016203146106250e+01 7.355650257797082148e+00
1.223083885210250088e+01 0.000000000000000000e+00
1.237151567274393571e+01 0.000000000000000000e+00
1.251219249338537054e+01 0.000000000000000000e+00
1.265286931402680892e+01 2.266533431789167441e+00
1.279354613466824375e+01 8.889175642987536818e+00
1.293422295530967858e+01 2.322816912855697247e+00
1.307489977595111696e+01 0.000000000000000000e+00
1.321557659659255179e+01 0.000000000000000000e+00
1.335625341723399018e+01 0.000000000000000000e+00
1.349693023787542501e+01 0.000000000000000000e+00
1.363760705851686339e+01 0.000000000000000000e+00
1.377828387915829822e+01 0.000000000000000000e+00
1.391896069979973305e+01 0.000000000000000000e+00
1.405963752044117143e+01 0.000000000000000000e+00
1.420031434108260626e+01 0.000000000000000000e+00
1.434099116172404109e+01 0.000000000000000000e+00
1.448166798236547947e+01 0.000000000000000000e+00
1.462234480300691430e+01 0.000000000000000000e+00
1.476302162364834913e+01 0.000000000000000000e+00
1.490369844428978752e+01 0.000000000000000000e+00
1.504437526493122235e+01 0.000000000000000000e+00
1.518505208557266073e+01 0.000000000000000000e+00
1.532572890621409556e+01 0.000000000000000000e+00
1.546640572685553039e+01 0.000000000000000000e+00
1.560708254749696877e+01 5.493723020999862428e+00
1.574775936813840360e+01 1.746696832501012375e+00
1.588843618877984198e+01 1.576969490305464738e+00
1.602911300942127681e+01 1.837559989494094603e+00
1.616978983006271164e+01 3.493746020214003600e+00
1.631046665070415003e+01 0.000000000000000000e+00
1.645114347134558486e+01 1.097831586955011707e+00
1.659182029198701969e+01 8.861206294548870099e-01
1.673249711262845807e+01 8.108904087036200581e-01
1.687317393326989290e+01 8.120470854844757946e-01
1.701385075391132773e+01 8.383501111202704692e-01
1.715452757455276611e+01 8.900489907776175658e-01
1.729520439519420094e+01 1.050595827715116837e+00
1.743588121583563932e+01 1.330092305460579105e+00
1.757655803647707415e+01 2.001315531895090594e+00
1.771723485711850898e+01 5.938026235072556780e+00
1.785791167775994737e+01 0.000000000000000000e+00
1.799858849840138220e+01 0.000000000000000000e+00
1.813926531904282058e+01 0.000000000000000000e+00
1.827994213968425541e+01 0.000000000000000000e+00
1.842061896032569024e+01 0.000000000000000000e+00
1.856129578096712862e+01 0.000000000000000000e+00
1.870197260160856345e+01 0.000000000000000000e+00
1.884264942224999828e+01 0.000000000000000000e+00
1.898332624289143666e+01 0.000000000000000000e+00
1.912400306353287149e+01 0.000000000000000000e+00
1.926467988417430632e+01 0.000000000000000000e+00
1.940535670481574471e+01 0.000000000000000000e+00
1.954603352545717954e+01 0.000000000000000000e+00
1.968671034609861792e+01 0.000000000000000000e+00
1.982738716674005275e+01 0.000000000000000000e+00
1.996806398738148758e+01 0.000000000000000000e+00
2.010874080802292596e+01 0.000000000000000000e+00
2.024941762866436079e+01 0.000000000000000000e+00
2.039009444930579917e+01 0.000000000000000000e+00
2.053077126994723400e+01 0.000000000000000000e+00
2.067144809058866883e+01 0.000000000000000000e+00
2.081212491123010722e+01 0.000000000000000000e+00
2.095280173187154205e+01 0.000000000000000000e+00
2.109347855251297688e+01 0.000000000000000000e+00
2.123415537315441526e+01 0.000000000000000000e+00
2.137483219379585009e+01 0.000000000000000000e+00
2.151550901443728492e+01 0.000000000000000000e+00
2.165618583507872330e+01 0.000000000000000000e+00
2.179686265572015813e+01 0.000000000000000000e+00
2.193753947636159651e+01 0.000000000000000000e+00
2.207821629700303134e+01 0.000000000000000000e+00
2.221889311764446617e+01 0.000000000000000000e+00
2.235956993828590456e+01 0.000000000000000000e+00
2.250024675892733939e+01 1.332932058031636835e+00
2.264092357956877777e+01 1.860909298099536757e+00
2.278160040021021260e+01 3.055195488112535163e+00
2.292227722085164743e+01 2.767945484249421995e+00
2.306295404149308581e+01 5.628432101184590586e+00
2.320363086213452064e+01 0.000000000000000000e+00
2.334430768277595547e+01 0.000000000000000000e+00
2.348498450341739385e+01 0.000000000000000000e+00
2.362566132405882868e+01 0.000000000000000000e+00
2.376633814470026351e+01 0.000000000000000000e+00
2.390701496534170190e+01 0.000000000000000000e+00
2.404769178598313673e+01 0.000000000000000000e+00
2.418836860662457511e+01 0.000000000000000000e+00
2.432904542726600994e+01 0.000000000000000000e+00
2.446972224790744477e+01 0.000000000000000000e+00
2.461039906854888315e+01 0.000000000000000000e+00
2.475107588919031798e+01 0.000000000000000000e+00
2.489175270983175636e+01 0.000000000000000000e+00
2.503242953047319119e+01 0.000000000000000000e+00
2.517310635111462602e+01 0.000000000000000000e+00
2.531378317175606441e+01 0.000000000000000000e+00
2.545445999239749924e+01 0.000000000000000000e+00
